CreatedDate,KWH,KVAH,RPhaseVoltage,YPhaseVoltage,BPhaseVoltage,RPhaseCurrent,YPhaseCurrent,BPhaseCurrent,ActivePower,ReactivePower,ApparentPower,TotalPowerFactor,Frequency,MaximumDemandKW,MaximumDemandKVA
2024-04-04 00:00:00,2.251,2.438,245.0349002,221.519601,224.7123796,1.801984126984127,3.101193181818182,0.65,0.3,1310.62,0.32,0.891065017,49.7971269,0.34,0.38
2024-04-04 01:00:00,0.0,0.0,,,,,,,,,,,,,
2024-04-04 02:00:00,8.616,9.386,225.7861139,228.86953093333332,223.91021546666664,1.8092666666666668,3.686082474226805,0.5866666666666666,0.28,1310.62,0.3,0.9533524383333333,49.934726506666664,0.34,0.38
2024-04-04 03:00:00,0.0,0.0,,,,,,,,,,,,,
2024-04-04 04:00:00,0.0,0.0,,,,,,,,,,,,,
2024-04-04 05:00:00,0.0,0.0,,,,,,,,,,,,,
2024-04-04 06:00:00,0.0,0.0,,,,,,,,,,,,,
2024-04-04 07:00:00,0.0,0.0,,,,,,,,,,,,,
2024-04-04 08:00:00,0.0,0.0,,,,,,,,,,,,,
2024-04-04 09:00:00,0.0,0.0,,,,,,,,,,,,,
2024-04-04 10:00:00,7.66,8.324,239.91984,227.79760140000002,236.05035445,3.3607536764705883,5.41801282051282,2.732533692722372,2.067622222222222,546.4781330749354,2.16814044213264,0.889535709,49.821798619999996,0.34,0.38
2024-04-04 11:00:00,11.49,12.486,225.94605653333335,230.6339095,230.425521,3.7619400352733687,5.486962365591398,2.948095238095238,2.3910729991204924,480.591930477964,2.556335034013605,0.8920444286666666,49.69221466,0.34,0.38
2024-04-04 12:00:00,3.83,4.162,211.9760165,243.550594,214.2799332,3.42424778761062,5.620333333333333,2.7722678185745138,2.198971193415638,531.9584776902888,2.307078853046595,0.926115757,49.68172214,0.34,0.38
2024-04-04 13:00:00,7.66,8.324,229.83993785,215.54538185,237.2413582,3.198466353677621,5.421445086705202,1.961,1.872138437741686,636.1179810725553,1.978362897265336,0.9620375489999999,50.048409295,0.34,0.38
2024-04-04 14:00:00,3.854,4.185,247.1812203,227.6495273,249.5054714,3.9055284552845526,5.8557500000000005,0.8,0.36,1310.6,0.38,0.816116184,49.64678067,0.34,0.38
2024-04-04 15:00:00,0.0,0.0,,,,,,,,,,,,,
2024-04-04 16:00:00,0.0,0.0,,,,,,,,,,,,,
2024-04-04 17:00:00,5.056,5.444,246.2899677,237.1037565,234.1862773,3.854869565217392,5.385190156599553,0.24,0.1,610.2643217347453,0.12,0.903607483,50.07404866,0.34,0.38
2024-04-04 18:00:00,0.0,0.0,,,,,,,,,,,,,
2024-04-04 19:00:00,0.0,0.0,,,,,,,,,,,,,
2024-04-04 20:00:00,0.0,0.0,,,,,,,,,,,,,
2024-04-04 21:00:00,0.0,0.0,,,,,,,,,,,,,
2024-04-04 22:00:00,33.038,35.36,217.31438229999998,226.53540428000002,224.27540052,1.6681035971223017,2.6012912912912918,0.8620000000000001,0.368,1310.6240000000003,0.388,0.9099231902,49.749992096,0.34,0.38
2024-04-04 23:00:00,27.369,29.281,226.445784425,235.261988925,232.5408867,1.606868206521739,3.357956204379562,0.8025,0.445,1310.56,0.475,0.9283881377500001,50.041390487499996,0.34,0.38
2024-04-05 00:00:00,0.0,0.0,,,,,,,,,,,,,
2024-04-05 01:00:00,8.457,9.094,245.3737269,242.2852313,237.0570201,1.8428859060402685,3.324077669902913,0.65,0.3,1310.54,0.36,0.813306879,49.78230636,0.44,0.48
2024-04-05 02:00:00,8.559,9.216,223.3561068,242.6241984,214.3119698,1.8092666666666668,3.686082474226805,0.65,0.3,1310.5,0.36,0.917720256,49.53187912,0.44,0.48
2024-04-05 03:00:00,0.0,0.0,,,,,,,,,,,,,
2024-04-05 04:00:00,0.0,0.0,,,,,,,,,,,,,
2024-04-05 05:00:00,0.0,0.0,,,,,,,,,,,,,
2024-04-05 06:00:00,0.0,0.0,,,,,,,,,,,,,
2024-04-05 07:00:00,18.753,20.267,236.34374275,229.18391615000002,237.6833444,1.6656302521008404,1.3970072992700728,0.66,0.31,1310.62,0.33,0.977871046,49.999259585,0.44,0.48
2024-04-05 08:00:00,19.987,21.519,226.07300755,221.12021155,219.58632565,0.9055077452667813,1.7813942307692303,0.87,0.43000000000000005,1310.62,0.45,0.879286386,49.660294495,0.58,0.58
2024-04-05 09:00:00,21.085,22.627000000000002,230.8780055,246.451117,218.5529209,2.1081496062992127,3.311961722488038,0.9984115523465704,0.7208693563880884,976.7446913580247,0.7420325779036827,0.9381395515,50.057441485,0.58,0.58
2024-04-05 10:00:00,10.549,11.32,241.2552399,214.6483295,229.0503219,3.3607536764705883,5.41801282051282,2.732533692722372,2.067622222222222,546.4781330749354,2.16814044213264,0.853681535,49.58689394,0.58,0.58
2024-04-05 11:00:00,0.0,0.0,,,,,,,,,,,,,
2024-04-05 12:00:00,32.399,34.728,220.71346146666667,235.7051591333333,229.2738413,3.42424778761062,5.620333333333332,0.8666666666666667,0.42,1310.64,0.42,0.914677137,49.79290625666667,0.58,0.58
2024-04-05 13:00:00,10.911,11.69,235.074835,240.9352054,226.3609205,3.198466353677621,5.421445086705202,0.86,0.42,1310.64,0.42,0.945500905,49.60480253,0.58,0.58
2024-04-05 14:00:00,22.287,23.856,216.4460477,235.86153760000002,233.0729924,3.9055284552845526,5.8557500000000005,0.86,0.41000000000000003,1310.64,0.42,0.9802856955,50.04509361,0.58,0.58
2024-04-05 15:00:00,0.0,0.0,,,,,,,,,,,,,
2024-04-05 16:00:00,0.0,0.0,,,,,,,,,,,,,
2024-04-05 17:00:00,11.612,12.406,235.1939266,230.8883043,239.761967,3.854869565217392,5.385190156599553,0.46,0.22,1310.66,0.22,0.954393717,50.017429,0.58,0.58
2024-04-05 18:00:00,11.767,12.567,246.8927136,214.2912148,223.1758268,3.879718309859155,5.460525059665871,0.46,0.2,1310.68,0.22,0.840374779,50.04856939,0.58,0.58
2024-04-05 19:00:00,23.766,25.373,212.0648665,230.9734708,245.19373285,3.021951219512195,4.6230385487528345,0.31,0.15,950.1737709230034,0.15,0.9005125975,49.59444201,0.58,0.58
2024-04-05 20:00:00,11.971,12.777,212.5627452,211.1593936,248.4004113,2.1101455604075694,2.9917445482866047,0.53,0.26,1310.66,0.26,0.822865648,49.76079953,0.58,0.58
2024-04-05 21:00:00,0.0,0.0,,,,,,,,,,,,,
2024-04-05 22:00:00,0.0,0.0,,,,,,,,,,,,,
2024-04-05 23:00:00,39.443,42.116,230.61625689999997,223.94406916666665,237.02169636666667,4.956385869565217,3.357956204379562,1.1866666666666665,2.5466666666666664,437.68,2.7399999999999998,0.900246048,49.93865084,0.58,0.58
2024-04-06 00:00:00,0.0,0.0,,,,,,,,,,,,,
2024-04-06 01:00:00,16.003,17.138,234.8688995,219.9756371,240.9994374,6.59,3.324077669902913,0.83,3.36,1.44,3.74,0.922916356,49.97966416,0.58,0.58
2024-04-06 02:00:00,17.944,19.311,226.0556266,245.9096064,213.5570549,6.48,3.686082474226805,0.93,3.36,1.42,3.74,0.87723193,49.95475618,0.58,0.58
2024-04-06 03:00:00,57.596000000000004,62.159,229.18090736666667,232.7344145333333,229.33724273333334,6.46,3.694702702702703,0.8233333333333333,3.2600000000000002,1.4933333333333334,3.6799999999999997,0.8888721526666666,49.92782228666667,0.58,0.58
2024-04-06 04:00:00,40.752,44.089,227.0114003,232.07066294999998,226.3207492,3.695,3.549312169312169,0.75,2.0300000000000002,656.0899999999999,2.2600000000000002,0.9251884925,49.72959988,0.58,0.58
2024-04-06 05:00:00,87.072,94.452,223.438326225,230.90541435,228.63242689999998,5.1575,3.264236111111112,0.8225,2.69,328.825,3.0300000000000002,0.88009095,49.944869115,0.58,0.58
2024-04-06 06:00:00,23.339,25.349,235.0186552,229.6534959,245.2024011,6.4,2.5555670103092782,0.75,3.16,1.54,3.6,0.83679945,49.6126427,0.58,0.58
2024-04-06 07:00:00,0.0,0.0,,,,,,,,,,,,,
2024-04-06 08:00:00,24.924,27.084,210.5485784,245.948118,217.5356805,1.5610154905335627,1.7813942307692303,0.87,0.42,1310.66,0.44,0.957168091,49.79386024,0.58,0.58
2024-04-06 09:00:00,51.711,56.129000000000005,232.78926355,235.2240413,223.51139715,4.134074803149606,3.311961722488038,0.855,1.8199999999999998,655.83,1.9300000000000002,0.908227039,49.85528596,0.58,0.58
2024-04-06 10:00:00,51.79,56.212,222.5171991,236.459879,222.32636485,3.3607536764705883,5.41801282051282,2.732533692722372,2.067622222222222,546.4781330749354,2.16814044213264,0.8700994205,49.67296053,0.58,0.58
2024-04-06 11:00:00,0.0,0.0,,,,,,,,,,,,,
2024-04-06 12:00:00,77.685,84.31800000000001,231.73556756666667,225.90569623333332,224.08886510000002,3.42424778761062,5.620333333333332,2.7722678185745138,2.198971193415638,531.9584776902888,2.307078853046595,0.972100465,49.91752044333333,0.58,0.58
2024-04-06 13:00:00,25.895,28.106,242.3480016,217.4197708,216.715496,3.198466353677621,5.421445086705202,1.961,1.872138437741686,636.1179810725553,1.978362897265336,0.970148776,49.88616483,0.58,0.58
2024-04-06 14:00:00,0.0,0.0,,,,,,,,,,,,,
2024-04-06 15:00:00,0.0,0.0,,,,,,,,,,,,,
2024-04-06 16:00:00,25.895,28.106,223.4824815,224.8497769,225.1927174,3.5612198581560284,5.548594847775176,2.7150638297872343,2.169644115574348,588.8344955489615,2.3669581618655693,0.813172915,49.87750839,0.58,0.58
2024-04-06 17:00:00,25.895,28.106,220.4969278,224.8578711,212.2823375,3.854869565217392,5.385190156599553,2.220293542074364,2.150637052341598,610.2643217347453,2.3460188933873147,0.970186221,49.91094103,0.58,0.58
2024-04-06 18:00:00,25.895,28.106,220.9602673,220.1920715,245.580446,3.879718309859155,5.460525059665871,2.432690763052209,2.261373225930188,590.1091095489162,2.6073647871116226,0.807797923,49.85365035,0.58,0.58
2024-04-06 19:00:00,0.0,0.0,,,,,,,,,,,,,
2024-04-06 20:00:00,25.895,28.106,226.4477813,212.1502254,239.8306893,2.1101455604075694,2.9917445482866047,0.8529257641921398,1.0318041237113402,658.5154892726322,1.0945525956284152,0.945597466,50.09934236,0.58,0.58
2024-04-06 21:00:00,25.895,28.106,231.5890748,234.0188292,247.4918336,1.742167832167832,2.077282913165266,0.5653679653679654,0.7648041104688503,635.4931002331002,0.8074729126832377,0.953834025,50.16922802,0.58,0.58
2024-04-06 22:00:00,51.79,56.212,229.86193939999998,234.30133505,245.44071375,1.9901294964028775,2.6012912912912918,0.8305673758865249,0.9305302262749072,630.8669898430287,0.975825825825826,0.8704748634999999,49.67469419,0.58,0.58
2024-04-06 23:00:00,0.0,0.0,,,,,,,,,,,,,
2024-04-07 00:00:00,25.895,28.106,243.333348,240.0999544,240.1646884,1.801984126984127,3.101193181818182,0.5530733944954128,0.872371794871795,651.0654613466335,0.91682156133829,0.989939624,50.03717367,0.58,0.58
2024-04-07 01:00:00,0.0,0.0,,,,,,,,,,,,,
2024-04-07 02:00:00,77.685,84.31800000000001,232.95983273333334,230.49175456666663,221.89606106666668,1.8092666666666668,3.686082474226805,0.5086995515695067,0.8455264593562465,629.6799389002038,0.9247071352502662,0.954487581,49.90473402333333,0.58,0.58
2024-04-07 03:00:00,77.685,84.31800000000001,222.19774113333335,227.1568476,223.27209446666666,1.8181534772182253,3.694702702702703,0.5068020304568528,0.9009174311926604,649.3932403433477,0.9711640211640212,0.9343530076666667,49.56093970333333,0.58,0.58
2024-04-07 04:00:00,51.79,56.212,236.5556589,236.3662919,226.65893160000002,1.5539810426540284,3.549312169312169,0.3252582159624413,0.716750983698707,673.7772787757817,0.7889071038251366,0.969855994,49.879726195,0.58,0.58
2024-04-07 05:00:00,51.79,56.212,239.40287965,229.6302828,218.89160800000002,1.4964948453608249,3.264236111111112,0.2861666666666667,0.5958107293550332,622.4922764227642,0.6614454277286136,0.875285109,49.80137591,0.58,0.58
2024-04-07 06:00:00,51.79,56.212,243.16022850000002,236.94227765,222.1898157,1.523568075117371,2.5555670103092782,0.4165811965811966,0.5858080808080809,681.7220449172577,0.6414441147378833,0.8846241930000001,49.658599894999995,0.58,0.58
2024-04-07 07:00:00,77.685,84.31800000000001,228.85472116666665,228.9970476,237.00259646666666,1.6656302521008406,1.3970072992700728,0.3283431952662722,0.5807543520309478,739.637509405568,0.6148358585858585,0.8709877653333334,49.613457286666666,0.58,0.58
2024-04-07 08:00:00,25.895,28.106,231.2789533,215.2201299,234.3329194,1.5610154905335627,1.7813942307692303,0.4737906137184116,0.6367210372229193,640.0597926895799,0.6807165861513688,0.814499282,50.13511109,0.58,0.58
2024-04-07 09:00:00,0.0,0.0,,,,,,,,,,,,,
2024-04-07 10:00:00,0.0,0.0,,,,,,,,,,,,,
2024-04-07 11:00:00,0.0,0.0,,,,,,,,,,,,,
2024-04-07 12:00:00,51.79,56.212,230.26844499999999,231.74905660000002,219.07942805,3.42424778761062,5.620333333333333,2.7722678185745138,2.198971193415638,531.9584776902888,2.307078853046595,0.9448988245,49.796153895,0.58,0.58
2024-04-07 13:00:00,0.0,0.0,,,,,,,,,,,,,
2024-04-07 14:00:00,51.79,56.212,227.9736566,240.6774233,232.6243553,3.9055284552845526,5.8557500000000005,2.3568141592920355,2.2275353773584907,616.7072086720867,2.310194537972316,0.8680605265,49.848167329999995,0.58,0.58
2024-04-07 15:00:00,0.0,0.0,,,,,,,,,,,,,
2024-04-07 16:00:00,77.685,84.31800000000001,235.73066633333335,226.87740486666667,232.87411976666667,3.561219858156028,5.548594847775175,2.7150638297872347,2.169644115574348,588.8344955489615,2.3669581618655693,0.9082514753333334,49.71599002,0.58,0.58
2024-04-07 17:00:00,0.0,0.0,,,,,,,,,,,,,
2024-04-07 18:00:00,0.0,0.0,,,,,,,,,,,,,
2024-04-07 19:00:00,0.0,0.0,,,,,,,,,,,,,
2024-04-07 20:00:00,0.0,0.0,,,,,,,,,,,,,
2024-04-07 21:00:00,51.79,56.212,232.50014115,217.8579381,244.44744405,1.742167832167832,2.077282913165266,0.5653679653679654,0.7648041104688503,635.4931002331002,0.8074729126832377,0.9175785565,50.054354915,0.58,0.58
2024-04-07 22:00:00,0.0,0.0,,,,,,,,,,,,,
2024-04-07 23:00:00,0.0,0.0,,,,,,,,,,,,,
2024-04-08 00:00:00,0.0,0.0,,,,,,,,,,,,,
2024-04-08 01:00:00,0.0,0.0,,,,,,,,,,,,,
2024-04-08 02:00:00,0.0,0.0,,,,,,,,,,,,,
2024-04-08 03:00:00,0.0,0.0,,,,,,,,,,,,,
2024-04-08 04:00:00,0.0,0.0,,,,,,,,,,,,,
2024-04-08 05:00:00,0.0,0.0,,,,,,,,,,,,,
2024-04-08 06:00:00,51.79,56.212,225.78678565,214.8884511,215.8062607,1.523568075117371,2.5555670103092782,0.4165811965811966,0.5858080808080809,681.7220449172577,0.6414441147378833,0.813456774,49.811690685,0.58,0.58
2024-04-08 07:00:00,25.895,28.106,211.6343935,232.8002419,227.7650468,1.6656302521008404,1.3970072992700728,0.3283431952662722,0.5807543520309478,739.6375094055682,0.6148358585858585,0.870391307,49.79457822,0.58,0.58
2024-04-08 08:00:00,77.685,84.31800000000001,229.08981333333335,217.2331536,229.6790584,1.5610154905335627,1.7813942307692303,0.4737906137184116,0.6367210372229193,640.0597926895799,0.6807165861513688,0.8400262726666666,49.80940304,0.58,0.58
2024-04-08 09:00:00,51.79,56.212,215.6826951,235.80026225,223.8777515,2.1081496062992127,3.311961722488038,0.9968231046931408,1.0417387127761768,642.8493827160494,1.0840651558073655,0.8933595425,50.09880743,0.58,0.58
2024-04-08 10:00:00,51.79,56.212,238.94482805,219.8702686,226.8381668,3.3607536764705883,5.41801282051282,2.732533692722372,2.067622222222222,546.4781330749354,2.16814044213264,0.935345799,49.869564545,0.58,0.58
2024-04-08 11:00:00,25.895,28.106,224.090571,213.6119882,246.6789645,3.7619400352733687,5.486962365591397,2.948095238095238,2.3910729991204924,480.591930477964,2.556335034013605,0.836583086,49.63401365,0.58,0.58
2024-04-08 12:00:00,25.895,28.106,248.4897518,238.4334572,211.5960987,3.42424778761062,5.620333333333333,2.7722678185745138,2.198971193415638,531.9584776902888,2.307078853046595,0.823142777,50.09696126,0.58,0.58
2024-04-08 13:00:00,0.0,0.0,,,,,,,,,,,,,
2024-04-08 14:00:00,0.0,0.0,,,,,,,,,,,,,
2024-04-08 15:00:00,103.58,112.424,230.37439835,241.93164355,237.017904025,4.095779685264664,7.165165094339622,3.0986964980544744,2.7530601092896174,540.2500998003992,2.9149214659685865,0.86669545625,49.781969865,0.58,0.58
2024-04-08 16:00:00,0.0,0.0,,,,,,,,,,,,,
2024-04-08 17:00:00,0.0,0.0,,,,,,,,,,,,,
2024-04-08 18:00:00,0.0,0.0,,,,,,,,,,,,,
2024-04-08 19:00:00,0.0,0.0,,,,,,,,,,,,,
2024-04-08 20:00:00,0.0,0.0,,,,,,,,,,,,,
2024-04-08 21:00:00,26.474,28.694,249.5559798,226.4327806,217.1000696,1.742167832167832,2.077282913165266,0.68,0.34,1310.68,0.34,0.993950374,49.82902195,0.58,0.58
2024-04-08 22:00:00,0.0,0.0,,,,,,,,,,,,,
2024-04-08 23:00:00,0.0,0.0,,,,,,,,,,,,,
2024-04-09 00:00:00,0.0,0.0,,,,,,,,,,,,,
2024-04-09 01:00:00,59.522000000000006,64.304,224.45720490000002,230.15896255,226.70198720000002,5.945,3.324077669902913,0.36,2.8899999999999997,1.0499999999999998,3.1,0.8836712545000001,49.53300667,0.58,0.58
2024-04-09 02:00:00,0.0,0.0,,,,,,,,,,,,,
2024-04-09 03:00:00,93.96199999999999,101.576,234.90907216666665,229.96431900000002,228.55300936666666,2.979384492406075,3.694702702702703,0.29666666666666663,1.2066666666666668,874.2000000000002,1.34,0.9146864753333334,49.85828494,0.58,0.58
2024-04-09 04:00:00,63.184,68.327,243.7035067,234.79972705,232.38354429999998,1.5539810426540284,3.549312169312169,0.29,0.12,1310.66,0.14,0.944110587,49.971123305000006,0.58,0.58
2024-04-09 05:00:00,0.0,0.0,,,,,,,,,,,,,
2024-04-09 06:00:00,0.0,0.0,,,,,,,,,,,,,
2024-04-09 07:00:00,33.196,35.93,235.5229912,237.3065298,230.0490988,1.6656302521008404,1.3970072992700728,0.33,0.14,1310.66,0.16,0.832660297,49.78454754,0.58,0.58
2024-04-09 08:00:00,33.269,36.006,225.2086297,231.0445366,224.747509,4.23,1.7813942307692303,0.47,2.34,1310.64,2.36,0.873215371,49.75572207,0.58,0.58
2024-04-09 09:00:00,0.0,0.0,,,,,,,,,,,,,
2024-04-09 10:00:00,100.457,108.67599999999999,225.32831966666666,221.795289,228.77490133333333,3.3607536764705883,5.41801282051282,0.08,0.04,546.4781330749354,0.04,0.8736287896666667,50.11578237333333,0.58,0.58
2024-04-09 11:00:00,0.0,0.0,,,,,,,,,,,,,
2024-04-09 12:00:00,0.0,0.0,,,,,,,,,,,,,
2024-04-09 13:00:00,0.0,0.0,,,,,,,,,,,,,
2024-04-09 14:00:00,67.137,72.617,213.9861185,215.30463375,236.1936238,3.9055284552845526,5.8557500000000005,0.08,0.04,616.7072086720867,0.04,0.948850099,49.86902091,0.58,0.58
2024-04-09 15:00:00,134.32999999999998,145.287,244.185346425,227.936270525,232.347257975,4.095779685264664,7.165165094339622,0.08,0.04,540.2500998003992,0.04,0.9432036445,50.0647044025,0.58,0.58
2024-04-09 16:00:00,100.84,109.06,231.87817533333336,214.47835353333335,236.30737266666665,3.561219858156028,5.548594847775175,0.32666666666666666,0.15333333333333335,829.4496636993077,0.15333333333333335,0.9417124746666667,49.65714678999999,0.58,0.58
2024-04-09 17:00:00,0.0,0.0,,,,,,,,,,,,,
2024-04-09 18:00:00,0.0,0.0,,,,,,,,,,,,,
2024-04-09 19:00:00,0.0,0.0,,,,,,,,,,,,,
2024-04-09 20:00:00,68.628,74.13,238.92828185,231.86826625,225.48019384999998,2.1101455604075694,2.9917445482866047,0.28,0.12,658.5154892726322,0.12,0.9471449325000001,49.717651575000005,0.58,0.58
2024-04-09 21:00:00,34.882,37.654,231.0168666,249.4235183,225.6951987,6.25,2.077282913165266,0.58,3.16,0.96,3.34,0.922479294,49.66360465,0.58,0.58
2024-04-09 22:00:00,141.699,152.86700000000002,238.41555605,233.25389180000002,228.94812105,6.3075,2.6012912912912918,0.66,3.24,0.85,3.375,0.85684352575,49.8438752825,0.58,0.58
2024-04-09 23:00:00,0.0,0.0,,,,,,,,,,,,,
2024-04-10 00:00:00,0.0,0.0,,,,,,,,,,,,,
2024-04-10 01:00:00,0.0,0.0,,,,,,,,,,,,,
2024-04-10 02:00:00,0.0,0.0,,,,,,,,,,,,,
2024-04-10 03:00:00,0.0,0.0,,,,,,,,,,,,,
2024-04-10 04:00:00,0.0,0.0,,,,,,,,,,,,,
2024-04-10 05:00:00,0.0,0.0,,,,,,,,,,,,,
2024-04-10 06:00:00,0.0,0.0,,,,,,,,,,,,,
2024-04-10 07:00:00,0.0,0.0,,,,,,,,,,,,,
2024-04-10 08:00:00,0.0,0.0,,,,,,,,,,,,,
2024-04-10 09:00:00,0.0,0.0,,,,,,,,,,,,,
2024-04-10 10:00:00,0.0,0.0,,,,,,,,,,,,,
2024-04-10 11:00:00,40.25,43.32,240.4814616,217.869484,217.3358304,3.7619400352733687,5.486962365591397,2.948095238095238,2.3910729991204924,480.591930477964,2.556335034013605,0.947105177,50.10852516,0.58,0.58
2024-04-10 12:00:00,0.0,0.0,,,,,,,,,,,,,
2024-04-10 13:00:00,0.0,0.0,,,,,,,,,,,,,
2024-04-10 14:00:00,0.0,0.0,,,,,,,,,,,,,
2024-04-10 15:00:00,0.0,0.0,,,,,,,,,,,,,
2024-04-10 16:00:00,85.259,91.57499999999999,228.36342065,226.48645445,223.48743445,3.5612198581560284,5.548594847775176,0.465,0.23,949.7572477744808,0.23,0.9483141104999999,49.67624547,0.58,0.58
2024-04-10 17:00:00,0.0,0.0,,,,,,,,,,,,,
2024-04-10 18:00:00,43.51,46.688,233.9080141,211.027876,229.7060806,3.879718309859155,5.460525059665871,0.68,0.32,1310.68,0.34,0.865789383,49.86743346,0.58,0.58
2024-04-10 19:00:00,0.0,0.0,,,,,,,,,,,,,
2024-04-10 20:00:00,43.777,46.957,224.8268445,237.7204249,218.4276693,0.21,2.9917445482866047,0.67,0.36,1310.68,0.36,0.822114179,49.90008051,0.58,0.58
2024-04-10 21:00:00,0.0,0.0,,,,,,,,,,,,,
2024-04-10 22:00:00,88.13300000000001,94.523,235.40366745,227.09931054999998,225.82703765,3.6200647482014388,2.6012912912912918,0.475,1.4,655.7800000000001,1.4900000000000002,0.88075664,49.88700401,0.58,0.58
2024-04-10 23:00:00,0.0,0.0,,,,,,,,,,,,,
2024-04-11 00:00:00,0.0,0.0,,,,,,,,,,,,,
2024-04-11 01:00:00,0.0,0.0,,,,,,,,,,,,,
2024-04-11 02:00:00,0.0,0.0,,,,,,,,,,,,,
2024-04-11 03:00:00,0.0,0.0,,,,,,,,,,,,,
2024-04-11 04:00:00,0.0,0.0,,,,,,,,,,,,,
2024-04-11 05:00:00,0.0,0.0,,,,,,,,,,,,,
2024-04-11 06:00:00,0.0,0.0,,,,,,,,,,,,,
2024-04-11 07:00:00,0.0,0.0,,,,,,,,,,,,,
2024-04-11 08:00:00,0.0,0.0,,,,,,,,,,,,,
2024-04-11 09:00:00,0.0,0.0,,,,,,,,,,,,,
2024-04-11 10:00:00,0.0,0.0,,,,,,,,,,,,,
2024-04-11 11:00:00,0.0,0.0,,,,,,,,,,,,,
2024-04-11 12:00:00,0.0,0.0,,,,,,,,,,,,,
2024-04-11 13:00:00,0.0,0.0,,,,,,,,,,,,,
2024-04-11 14:00:00,0.0,0.0,,,,,,,,,,,,,
2024-04-11 15:00:00,0.0,0.0,,,,,,,,,,,,,
2024-04-11 16:00:00,0.0,0.0,,,,,,,,,,,,,
2024-04-11 17:00:00,0.0,0.0,,,,,,,,,,,,,
2024-04-11 18:00:00,0.0,0.0,,,,,,,,,,,,,
2024-04-11 19:00:00,0.0,0.0,,,,,,,,,,,,,
2024-04-11 20:00:00,0.0,0.0,,,,,,,,,,,,,
2024-04-11 21:00:00,0.0,0.0,,,,,,,,,,,,,
2024-04-11 22:00:00,110.172,117.57900000000001,220.83683115000002,223.87460405,238.4210766,3.5300000000000002,2.6012912912912918,0.625,1.9500000000000002,655.75,2.01,0.9637185850000001,50.022906015,0.58,0.58
2024-04-11 23:00:00,0.0,0.0,,,,,,,,,,,,,
2024-04-12 00:00:00,0.0,0.0,,,,,,,,,,,,,
2024-04-12 01:00:00,0.0,0.0,,,,,,,,,,,,,
2024-04-12 02:00:00,0.0,0.0,,,,,,,,,,,,,
2024-04-12 03:00:00,0.0,0.0,,,,,,,,,,,,,
2024-04-12 04:00:00,0.0,0.0,,,,,,,,,,,,,
2024-04-12 05:00:00,0.0,0.0,,,,,,,,,,,,,
2024-04-12 06:00:00,0.0,0.0,,,,,,,,,,,,,
2024-04-12 07:00:00,0.0,0.0,,,,,,,,,,,,,
2024-04-12 08:00:00,57.926,61.753,242.2871459,239.3898103,228.5942702,5.03,1.7813942307692303,0.58,2.54,0.76,2.68,0.943662173,49.79768268,0.58,0.58
2024-04-12 09:00:00,0.0,0.0,,,,,,,,,,,,,
2024-04-12 10:00:00,58.158,61.991,231.0282305,212.3944472,211.3314976,3.3607536764705883,5.41801282051282,2.732533692722372,2.067622222222222,546.4781330749354,2.16814044213264,0.927333137,50.17609009,0.58,0.58
2024-04-12 11:00:00,116.316,123.982,240.88764,233.0099698,237.2281019,3.7619400352733687,5.486962365591397,2.948095238095238,2.3910729991204924,480.591930477964,2.556335034013605,0.888331428,49.764819315,0.58,0.58
2024-04-12 12:00:00,0.0,0.0,,,,,,,,,,,,,
2024-04-12 13:00:00,0.0,0.0,,,,,,,,,,,,,
2024-04-12 14:00:00,58.345,62.179,247.1911355,239.4630963,230.1679876,3.9055284552845526,5.8557500000000005,0.08,0.04,616.7072086720867,0.04,0.900619575,49.60841645,0.58,0.58
2024-04-12 15:00:00,0.0,0.0,,,,,,,,,,,,,
2024-04-12 16:00:00,0.0,0.0,,,,,,,,,,,,,
2024-04-12 17:00:00,0.0,0.0,,,,,,,,,,,,,
2024-04-12 18:00:00,118.69,126.402,229.59462485,233.83810595,230.28321615,2.3948591549295775,5.460525059665871,0.44999999999999996,0.44,950.3845547744581,0.44,0.9606143185,49.6243374,0.58,0.58
2024-04-12 19:00:00,59.655,63.521,215.3359903,235.7463269,239.2042332,3.021951219512195,4.6230385487528345,0.08,0.04,589.6875418460068,0.04,0.8154732,49.76414056,0.58,0.58
2024-04-12 20:00:00,60.113,63.999,211.0108095,242.1217813,235.5506121,6.43,2.9917445482866047,0.82,3.34,0.82,3.46,0.880165806,50.00195753,0.58,0.58
2024-04-12 21:00:00,121.38900000000001,129.197,221.58475485000002,237.5871812,227.91787305000003,1.742167832167832,2.077282913165266,0.815,0.4,1310.68,0.4,0.9420105655,49.614945605,0.58,0.58
2024-04-12 22:00:00,121.874,129.684,238.90174105,215.000763,224.5305885,1.9901294964028775,2.6012912912912918,0.81,0.4,1310.68,0.4,0.8906042135000001,50.007559565,0.58,0.58
2024-04-12 23:00:00,244.507,260.134,222.48354252500002,230.256773025,238.008338925,1.929157608695652,3.357956204379562,0.815,0.4,1310.68,0.4,0.935008618,49.8546971775,0.58,0.58
2024-04-13 00:00:00,0.0,0.0,,,,,,,,,,,,,
2024-04-13 01:00:00,0.0,0.0,,,,,,,,,,,,,
2024-04-13 02:00:00,0.0,0.0,,,,,,,,,,,,,
2024-04-13 03:00:00,0.0,0.0,,,,,,,,,,,,,
2024-04-13 04:00:00,0.0,0.0,,,,,,,,,,,,,
2024-04-13 05:00:00,0.0,0.0,,,,,,,,,,,,,
2024-04-13 06:00:00,0.0,0.0,,,,,,,,,,,,,
2024-04-13 07:00:00,0.0,0.0,,,,,,,,,,,,,
2024-04-13 08:00:00,0.0,0.0,,,,,,,,,,,,,
2024-04-13 09:00:00,0.0,0.0,,,,,,,,,,,,,
2024-04-13 10:00:00,0.0,0.0,,,,,,,,,,,,,
2024-04-13 11:00:00,0.0,0.0,,,,,,,,,,,,,
2024-04-13 12:00:00,0.0,0.0,,,,,,,,,,,,,
2024-04-13 13:00:00,0.0,0.0,,,,,,,,,,,,,
2024-04-13 14:00:00,0.0,0.0,,,,,,,,,,,,,
2024-04-13 15:00:00,0.0,0.0,,,,,,,,,,,,,
2024-04-13 16:00:00,0.0,0.0,,,,,,,,,,,,,
2024-04-13 17:00:00,0.0,0.0,,,,,,,,,,,,,
2024-04-13 18:00:00,0.0,0.0,,,,,,,,,,,,,
2024-04-13 19:00:00,0.0,0.0,,,,,,,,,,,,,
2024-04-13 20:00:00,0.0,0.0,,,,,,,,,,,,,
2024-04-13 21:00:00,0.0,0.0,,,,,,,,,,,,,
2024-04-13 22:00:00,0.0,0.0,,,,,,,,,,,,,
2024-04-13 23:00:00,0.0,0.0,,,,,,,,,,,,,
2024-04-14 00:00:00,0.0,0.0,,,,,,,,,,,,,
2024-04-14 01:00:00,0.0,0.0,,,,,,,,,,,,,
2024-04-14 02:00:00,0.0,0.0,,,,,,,,,,,,,
2024-04-14 03:00:00,0.0,0.0,,,,,,,,,,,,,
2024-04-14 04:00:00,0.0,0.0,,,,,,,,,,,,,
2024-04-14 05:00:00,0.0,0.0,,,,,,,,,,,,,
2024-04-14 06:00:00,0.0,0.0,,,,,,,,,,,,,
2024-04-14 07:00:00,0.0,0.0,,,,,,,,,,,,,
2024-04-14 08:00:00,0.0,0.0,,,,,,,,,,,,,
2024-04-14 09:00:00,0.0,0.0,,,,,,,,,,,,,
2024-04-14 10:00:00,0.0,0.0,,,,,,,,,,,,,
2024-04-14 11:00:00,0.0,0.0,,,,,,,,,,,,,
2024-04-14 12:00:00,0.0,0.0,,,,,,,,,,,,,
2024-04-14 13:00:00,0.0,0.0,,,,,,,,,,,,,
2024-04-14 14:00:00,0.0,0.0,,,,,,,,,,,,,
2024-04-14 15:00:00,0.0,0.0,,,,,,,,,,,,,
2024-04-14 16:00:00,0.0,0.0,,,,,,,,,,,,,
2024-04-14 17:00:00,0.0,0.0,,,,,,,,,,,,,
2024-04-14 18:00:00,0.0,0.0,,,,,,,,,,,,,
2024-04-14 19:00:00,0.0,0.0,,,,,,,,,,,,,
2024-04-14 20:00:00,0.0,0.0,,,,,,,,,,,,,
2024-04-14 21:00:00,0.0,0.0,,,,,,,,,,,,,
2024-04-14 22:00:00,0.0,0.0,,,,,,,,,,,,,
2024-04-14 23:00:00,0.0,0.0,,,,,,,,,,,,,
2024-04-15 00:00:00,0.0,0.0,,,,,,,,,,,,,
2024-04-15 01:00:00,0.0,0.0,,,,,,,,,,,,,
2024-04-15 02:00:00,0.0,0.0,,,,,,,,,,,,,
2024-04-15 03:00:00,0.0,0.0,,,,,,,,,,,,,
2024-04-15 04:00:00,0.0,0.0,,,,,,,,,,,,,
2024-04-15 05:00:00,0.0,0.0,,,,,,,,,,,,,
2024-04-15 06:00:00,0.0,0.0,,,,,,,,,,,,,
2024-04-15 07:00:00,0.0,0.0,,,,,,,,,,,,,
2024-04-15 08:00:00,0.0,0.0,,,,,,,,,,,,,
2024-04-15 09:00:00,0.0,0.0,,,,,,,,,,,,,
2024-04-15 10:00:00,0.0,0.0,,,,,,,,,,,,,
2024-04-15 11:00:00,0.0,0.0,,,,,,,,,,,,,
2024-04-15 12:00:00,0.0,0.0,,,,,,,,,,,,,
2024-04-15 13:00:00,0.0,0.0,,,,,,,,,,,,,
2024-04-15 14:00:00,0.0,0.0,,,,,,,,,,,,,
2024-04-15 15:00:00,0.0,0.0,,,,,,,,,,,,,
2024-04-15 16:00:00,0.0,0.0,,,,,,,,,,,,,
2024-04-15 17:00:00,0.0,0.0,,,,,,,,,,,,,
2024-04-15 18:00:00,0.0,0.0,,,,,,,,,,,,,
2024-04-15 19:00:00,0.0,0.0,,,,,,,,,,,,,
2024-04-15 20:00:00,0.0,0.0,,,,,,,,,,,,,
2024-04-15 21:00:00,0.0,0.0,,,,,,,,,,,,,
2024-04-15 22:00:00,0.0,0.0,,,,,,,,,,,,,
2024-04-15 23:00:00,0.0,0.0,,,,,,,,,,,,,
2024-04-16 00:00:00,0.0,0.0,,,,,,,,,,,,,
2024-04-16 01:00:00,0.0,0.0,,,,,,,,,,,,,
2024-04-16 02:00:00,0.0,0.0,,,,,,,,,,,,,
2024-04-16 03:00:00,0.0,0.0,,,,,,,,,,,,,
2024-04-16 04:00:00,0.0,0.0,,,,,,,,,,,,,
2024-04-16 05:00:00,0.0,0.0,,,,,,,,,,,,,
2024-04-16 06:00:00,0.0,0.0,,,,,,,,,,,,,
2024-04-16 07:00:00,0.0,0.0,,,,,,,,,,,,,
2024-04-16 08:00:00,0.0,0.0,,,,,,,,,,,,,
2024-04-16 09:00:00,0.0,0.0,,,,,,,,,,,,,
2024-04-16 10:00:00,0.0,0.0,,,,,,,,,,,,,
2024-04-16 11:00:00,0.0,0.0,,,,,,,,,,,,,
2024-04-16 12:00:00,0.0,0.0,,,,,,,,,,,,,
2024-04-16 13:00:00,0.0,0.0,,,,,,,,,,,,,
2024-04-16 14:00:00,0.0,0.0,,,,,,,,,,,,,
2024-04-16 15:00:00,0.0,0.0,,,,,,,,,,,,,
2024-04-16 16:00:00,0.0,0.0,,,,,,,,,,,,,
2024-04-16 17:00:00,0.0,0.0,,,,,,,,,,,,,
2024-04-16 18:00:00,0.0,0.0,,,,,,,,,,,,,
2024-04-16 19:00:00,0.0,0.0,,,,,,,,,,,,,
2024-04-16 20:00:00,0.0,0.0,,,,,,,,,,,,,
2024-04-16 21:00:00,0.0,0.0,,,,,,,,,,,,,
2024-04-16 22:00:00,0.0,0.0,,,,,,,,,,,,,
2024-04-16 23:00:00,0.0,0.0,,,,,,,,,,,,,
2024-04-17 00:00:00,0.0,0.0,,,,,,,,,,,,,
2024-04-17 01:00:00,0.0,0.0,,,,,,,,,,,,,
2024-04-17 02:00:00,0.0,0.0,,,,,,,,,,,,,
2024-04-17 03:00:00,0.0,0.0,,,,,,,,,,,,,
2024-04-17 04:00:00,0.0,0.0,,,,,,,,,,,,,
2024-04-17 05:00:00,0.0,0.0,,,,,,,,,,,,,
2024-04-17 06:00:00,0.0,0.0,,,,,,,,,,,,,
2024-04-17 07:00:00,0.0,0.0,,,,,,,,,,,,,
2024-04-17 08:00:00,0.0,0.0,,,,,,,,,,,,,
2024-04-17 09:00:00,0.0,0.0,,,,,,,,,,,,,
2024-04-17 10:00:00,0.0,0.0,,,,,,,,,,,,,
2024-04-17 11:00:00,0.0,0.0,,,,,,,,,,,,,
2024-04-17 12:00:00,0.0,0.0,,,,,,,,,,,,,
2024-04-17 13:00:00,0.0,0.0,,,,,,,,,,,,,
2024-04-17 14:00:00,0.0,0.0,,,,,,,,,,,,,
2024-04-17 15:00:00,0.0,0.0,,,,,,,,,,,,,
2024-04-17 16:00:00,0.0,0.0,,,,,,,,,,,,,
2024-04-17 17:00:00,0.0,0.0,,,,,,,,,,,,,
2024-04-17 18:00:00,0.0,0.0,,,,,,,,,,,,,
2024-04-17 19:00:00,0.0,0.0,,,,,,,,,,,,,
2024-04-17 20:00:00,0.0,0.0,,,,,,,,,,,,,
2024-04-17 21:00:00,0.0,0.0,,,,,,,,,,,,,
2024-04-17 22:00:00,0.0,0.0,,,,,,,,,,,,,
2024-04-17 23:00:00,0.0,0.0,,,,,,,,,,,,,
2024-04-18 00:00:00,0.0,0.0,,,,,,,,,,,,,
2024-04-18 01:00:00,0.0,0.0,,,,,,,,,,,,,
2024-04-18 02:00:00,0.0,0.0,,,,,,,,,,,,,
2024-04-18 03:00:00,0.0,0.0,,,,,,,,,,,,,
2024-04-18 04:00:00,0.0,0.0,,,,,,,,,,,,,
2024-04-18 05:00:00,0.0,0.0,,,,,,,,,,,,,
2024-04-18 06:00:00,0.0,0.0,,,,,,,,,,,,,
2024-04-18 07:00:00,0.0,0.0,,,,,,,,,,,,,
2024-04-18 08:00:00,0.0,0.0,,,,,,,,,,,,,
2024-04-18 09:00:00,0.0,0.0,,,,,,,,,,,,,
2024-04-18 10:00:00,0.0,0.0,,,,,,,,,,,,,
2024-04-18 11:00:00,0.0,0.0,,,,,,,,,,,,,
2024-04-18 12:00:00,0.0,0.0,,,,,,,,,,,,,
2024-04-18 13:00:00,0.0,0.0,,,,,,,,,,,,,
2024-04-18 14:00:00,0.0,0.0,,,,,,,,,,,,,
2024-04-18 15:00:00,0.0,0.0,,,,,,,,,,,,,
2024-04-18 16:00:00,0.0,0.0,,,,,,,,,,,,,
2024-04-18 17:00:00,0.0,0.0,,,,,,,,,,,,,
2024-04-18 18:00:00,0.0,0.0,,,,,,,,,,,,,
2024-04-18 19:00:00,0.0,0.0,,,,,,,,,,,,,
2024-04-18 20:00:00,0.0,0.0,,,,,,,,,,,,,
2024-04-18 21:00:00,0.0,0.0,,,,,,,,,,,,,
2024-04-18 22:00:00,0.0,0.0,,,,,,,,,,,,,
2024-04-18 23:00:00,0.0,0.0,,,,,,,,,,,,,
2024-04-19 00:00:00,0.0,0.0,,,,,,,,,,,,,
2024-04-19 01:00:00,0.0,0.0,,,,,,,,,,,,,
2024-04-19 02:00:00,0.0,0.0,,,,,,,,,,,,,
2024-04-19 03:00:00,0.0,0.0,,,,,,,,,,,,,
2024-04-19 04:00:00,0.0,0.0,,,,,,,,,,,,,
2024-04-19 05:00:00,0.0,0.0,,,,,,,,,,,,,
2024-04-19 06:00:00,0.0,0.0,,,,,,,,,,,,,
2024-04-19 07:00:00,0.0,0.0,,,,,,,,,,,,,
2024-04-19 08:00:00,0.0,0.0,,,,,,,,,,,,,
2024-04-19 09:00:00,0.0,0.0,,,,,,,,,,,,,
2024-04-19 10:00:00,0.0,0.0,,,,,,,,,,,,,
2024-04-19 11:00:00,0.0,0.0,,,,,,,,,,,,,
2024-04-19 12:00:00,0.0,0.0,,,,,,,,,,,,,
2024-04-19 13:00:00,0.0,0.0,,,,,,,,,,,,,
2024-04-19 14:00:00,0.0,0.0,,,,,,,,,,,,,
2024-04-19 15:00:00,0.0,0.0,,,,,,,,,,,,,
2024-04-19 16:00:00,0.0,0.0,,,,,,,,,,,,,
2024-04-19 17:00:00,0.0,0.0,,,,,,,,,,,,,
2024-04-19 18:00:00,0.0,0.0,,,,,,,,,,,,,
2024-04-19 19:00:00,0.0,0.0,,,,,,,,,,,,,
2024-04-19 20:00:00,0.0,0.0,,,,,,,,,,,,,
2024-04-19 21:00:00,0.0,0.0,,,,,,,,,,,,,
2024-04-19 22:00:00,0.0,0.0,,,,,,,,,,,,,
2024-04-19 23:00:00,0.0,0.0,,,,,,,,,,,,,
2024-04-20 00:00:00,0.0,0.0,,,,,,,,,,,,,
2024-04-20 01:00:00,0.0,0.0,,,,,,,,,,,,,
2024-04-20 02:00:00,0.0,0.0,,,,,,,,,,,,,
2024-04-20 03:00:00,0.0,0.0,,,,,,,,,,,,,
2024-04-20 04:00:00,0.0,0.0,,,,,,,,,,,,,
2024-04-20 05:00:00,0.0,0.0,,,,,,,,,,,,,
2024-04-20 06:00:00,0.0,0.0,,,,,,,,,,,,,
2024-04-20 07:00:00,0.0,0.0,,,,,,,,,,,,,
2024-04-20 08:00:00,0.0,0.0,,,,,,,,,,,,,
2024-04-20 09:00:00,0.0,0.0,,,,,,,,,,,,,
2024-04-20 10:00:00,0.0,0.0,,,,,,,,,,,,,
2024-04-20 11:00:00,0.0,0.0,,,,,,,,,,,,,
2024-04-20 12:00:00,0.0,0.0,,,,,,,,,,,,,
2024-04-20 13:00:00,0.0,0.0,,,,,,,,,,,,,
2024-04-20 14:00:00,0.0,0.0,,,,,,,,,,,,,
2024-04-20 15:00:00,0.0,0.0,,,,,,,,,,,,,
2024-04-20 16:00:00,0.0,0.0,,,,,,,,,,,,,
2024-04-20 17:00:00,0.0,0.0,,,,,,,,,,,,,
2024-04-20 18:00:00,0.0,0.0,,,,,,,,,,,,,
2024-04-20 19:00:00,0.0,0.0,,,,,,,,,,,,,
2024-04-20 20:00:00,0.0,0.0,,,,,,,,,,,,,
2024-04-20 21:00:00,0.0,0.0,,,,,,,,,,,,,
2024-04-20 22:00:00,0.0,0.0,,,,,,,,,,,,,
2024-04-20 23:00:00,0.0,0.0,,,,,,,,,,,,,
2024-04-21 00:00:00,0.0,0.0,,,,,,,,,,,,,
2024-04-21 01:00:00,0.0,0.0,,,,,,,,,,,,,
2024-04-21 02:00:00,0.0,0.0,,,,,,,,,,,,,
2024-04-21 03:00:00,0.0,0.0,,,,,,,,,,,,,
2024-04-21 04:00:00,0.0,0.0,,,,,,,,,,,,,
2024-04-21 05:00:00,0.0,0.0,,,,,,,,,,,,,
2024-04-21 06:00:00,0.0,0.0,,,,,,,,,,,,,
2024-04-21 07:00:00,0.0,0.0,,,,,,,,,,,,,
2024-04-21 08:00:00,0.0,0.0,,,,,,,,,,,,,
2024-04-21 09:00:00,0.0,0.0,,,,,,,,,,,,,
2024-04-21 10:00:00,0.0,0.0,,,,,,,,,,,,,
2024-04-21 11:00:00,0.0,0.0,,,,,,,,,,,,,
2024-04-21 12:00:00,0.0,0.0,,,,,,,,,,,,,
2024-04-21 13:00:00,0.0,0.0,,,,,,,,,,,,,
2024-04-21 14:00:00,0.0,0.0,,,,,,,,,,,,,
2024-04-21 15:00:00,0.0,0.0,,,,,,,,,,,,,
2024-04-21 16:00:00,0.0,0.0,,,,,,,,,,,,,
2024-04-21 17:00:00,0.0,0.0,,,,,,,,,,,,,
2024-04-21 18:00:00,0.0,0.0,,,,,,,,,,,,,
2024-04-21 19:00:00,0.0,0.0,,,,,,,,,,,,,
2024-04-21 20:00:00,0.0,0.0,,,,,,,,,,,,,
2024-04-21 21:00:00,0.0,0.0,,,,,,,,,,,,,
2024-04-21 22:00:00,0.0,0.0,,,,,,,,,,,,,
2024-04-21 23:00:00,0.0,0.0,,,,,,,,,,,,,
2024-04-22 00:00:00,0.0,0.0,,,,,,,,,,,,,
2024-04-22 01:00:00,0.0,0.0,,,,,,,,,,,,,
2024-04-22 02:00:00,0.0,0.0,,,,,,,,,,,,,
2024-04-22 03:00:00,0.0,0.0,,,,,,,,,,,,,
2024-04-22 04:00:00,0.0,0.0,,,,,,,,,,,,,
2024-04-22 05:00:00,0.0,0.0,,,,,,,,,,,,,
2024-04-22 06:00:00,0.0,0.0,,,,,,,,,,,,,
2024-04-22 07:00:00,0.0,0.0,,,,,,,,,,,,,
2024-04-22 08:00:00,0.0,0.0,,,,,,,,,,,,,
2024-04-22 09:00:00,0.0,0.0,,,,,,,,,,,,,
2024-04-22 10:00:00,0.0,0.0,,,,,,,,,,,,,
2024-04-22 11:00:00,0.0,0.0,,,,,,,,,,,,,
2024-04-22 12:00:00,0.0,0.0,,,,,,,,,,,,,
2024-04-22 13:00:00,0.0,0.0,,,,,,,,,,,,,
2024-04-22 14:00:00,0.0,0.0,,,,,,,,,,,,,
2024-04-22 15:00:00,0.0,0.0,,,,,,,,,,,,,
2024-04-22 16:00:00,0.0,0.0,,,,,,,,,,,,,
2024-04-22 17:00:00,0.0,0.0,,,,,,,,,,,,,
2024-04-22 18:00:00,0.0,0.0,,,,,,,,,,,,,
2024-04-22 19:00:00,0.0,0.0,,,,,,,,,,,,,
2024-04-22 20:00:00,0.0,0.0,,,,,,,,,,,,,
2024-04-22 21:00:00,0.0,0.0,,,,,,,,,,,,,
2024-04-22 22:00:00,0.0,0.0,,,,,,,,,,,,,
2024-04-22 23:00:00,0.0,0.0,,,,,,,,,,,,,
2024-04-23 00:00:00,0.0,0.0,,,,,,,,,,,,,
2024-04-23 01:00:00,0.0,0.0,,,,,,,,,,,,,
2024-04-23 02:00:00,0.0,0.0,,,,,,,,,,,,,
2024-04-23 03:00:00,0.0,0.0,,,,,,,,,,,,,
2024-04-23 04:00:00,0.0,0.0,,,,,,,,,,,,,
2024-04-23 05:00:00,0.0,0.0,,,,,,,,,,,,,
2024-04-23 06:00:00,0.0,0.0,,,,,,,,,,,,,
2024-04-23 07:00:00,0.0,0.0,,,,,,,,,,,,,
2024-04-23 08:00:00,0.0,0.0,,,,,,,,,,,,,
2024-04-23 09:00:00,0.0,0.0,,,,,,,,,,,,,
2024-04-23 10:00:00,0.0,0.0,,,,,,,,,,,,,
2024-04-23 11:00:00,0.0,0.0,,,,,,,,,,,,,
2024-04-23 12:00:00,0.0,0.0,,,,,,,,,,,,,
2024-04-23 13:00:00,0.0,0.0,,,,,,,,,,,,,
2024-04-23 14:00:00,0.0,0.0,,,,,,,,,,,,,
2024-04-23 15:00:00,0.0,0.0,,,,,,,,,,,,,
2024-04-23 16:00:00,0.0,0.0,,,,,,,,,,,,,
2024-04-23 17:00:00,0.0,0.0,,,,,,,,,,,,,
2024-04-23 18:00:00,0.0,0.0,,,,,,,,,,,,,
2024-04-23 19:00:00,0.0,0.0,,,,,,,,,,,,,
2024-04-23 20:00:00,0.0,0.0,,,,,,,,,,,,,
2024-04-23 21:00:00,0.0,0.0,,,,,,,,,,,,,
2024-04-23 22:00:00,0.0,0.0,,,,,,,,,,,,,
2024-04-23 23:00:00,0.0,0.0,,,,,,,,,,,,,
2024-04-24 00:00:00,0.0,0.0,,,,,,,,,,,,,
2024-04-24 01:00:00,0.0,0.0,,,,,,,,,,,,,
2024-04-24 02:00:00,0.0,0.0,,,,,,,,,,,,,
2024-04-24 03:00:00,0.0,0.0,,,,,,,,,,,,,
2024-04-24 04:00:00,0.0,0.0,,,,,,,,,,,,,
2024-04-24 05:00:00,0.0,0.0,,,,,,,,,,,,,
2024-04-24 06:00:00,0.0,0.0,,,,,,,,,,,,,
2024-04-24 07:00:00,0.0,0.0,,,,,,,,,,,,,
2024-04-24 08:00:00,0.0,0.0,,,,,,,,,,,,,
2024-04-24 09:00:00,0.0,0.0,,,,,,,,,,,,,
2024-04-24 10:00:00,0.0,0.0,,,,,,,,,,,,,
2024-04-24 11:00:00,0.0,0.0,,,,,,,,,,,,,
2024-04-24 12:00:00,0.0,0.0,,,,,,,,,,,,,
2024-04-24 13:00:00,0.0,0.0,,,,,,,,,,,,,
2024-04-24 14:00:00,0.0,0.0,,,,,,,,,,,,,
2024-04-24 15:00:00,0.0,0.0,,,,,,,,,,,,,
2024-04-24 16:00:00,0.0,0.0,,,,,,,,,,,,,
2024-04-24 17:00:00,0.0,0.0,,,,,,,,,,,,,
2024-04-24 18:00:00,0.0,0.0,,,,,,,,,,,,,
2024-04-24 19:00:00,0.0,0.0,,,,,,,,,,,,,
2024-04-24 20:00:00,0.0,0.0,,,,,,,,,,,,,
2024-04-24 21:00:00,0.0,0.0,,,,,,,,,,,,,
2024-04-24 22:00:00,0.0,0.0,,,,,,,,,,,,,
2024-04-24 23:00:00,0.0,0.0,,,,,,,,,,,,,
2024-04-25 00:00:00,0.0,0.0,,,,,,,,,,,,,
2024-04-25 01:00:00,0.0,0.0,,,,,,,,,,,,,
2024-04-25 02:00:00,0.0,0.0,,,,,,,,,,,,,
2024-04-25 03:00:00,0.0,0.0,,,,,,,,,,,,,
2024-04-25 04:00:00,0.0,0.0,,,,,,,,,,,,,
2024-04-25 05:00:00,0.0,0.0,,,,,,,,,,,,,
2024-04-25 06:00:00,0.0,0.0,,,,,,,,,,,,,
2024-04-25 07:00:00,0.0,0.0,,,,,,,,,,,,,
2024-04-25 08:00:00,0.0,0.0,,,,,,,,,,,,,
2024-04-25 09:00:00,0.0,0.0,,,,,,,,,,,,,
2024-04-25 10:00:00,0.0,0.0,,,,,,,,,,,,,
2024-04-25 11:00:00,0.0,0.0,,,,,,,,,,,,,
2024-04-25 12:00:00,0.0,0.0,,,,,,,,,,,,,
2024-04-25 13:00:00,0.0,0.0,,,,,,,,,,,,,
2024-04-25 14:00:00,0.0,0.0,,,,,,,,,,,,,
2024-04-25 15:00:00,0.0,0.0,,,,,,,,,,,,,
2024-04-25 16:00:00,0.0,0.0,,,,,,,,,,,,,
2024-04-25 17:00:00,0.0,0.0,,,,,,,,,,,,,
2024-04-25 18:00:00,0.0,0.0,,,,,,,,,,,,,
2024-04-25 19:00:00,0.0,0.0,,,,,,,,,,,,,
2024-04-25 20:00:00,0.0,0.0,,,,,,,,,,,,,
2024-04-25 21:00:00,0.0,0.0,,,,,,,,,,,,,
2024-04-25 22:00:00,0.0,0.0,,,,,,,,,,,,,
2024-04-25 23:00:00,0.0,0.0,,,,,,,,,,,,,
2024-04-26 00:00:00,0.0,0.0,,,,,,,,,,,,,
2024-04-26 01:00:00,0.0,0.0,,,,,,,,,,,,,
2024-04-26 02:00:00,0.0,0.0,,,,,,,,,,,,,
2024-04-26 03:00:00,0.0,0.0,,,,,,,,,,,,,
2024-04-26 04:00:00,0.0,0.0,,,,,,,,,,,,,
2024-04-26 05:00:00,0.0,0.0,,,,,,,,,,,,,
2024-04-26 06:00:00,0.0,0.0,,,,,,,,,,,,,
2024-04-26 07:00:00,0.0,0.0,,,,,,,,,,,,,
2024-04-26 08:00:00,0.0,0.0,,,,,,,,,,,,,
2024-04-26 09:00:00,0.0,0.0,,,,,,,,,,,,,
2024-04-26 10:00:00,0.0,0.0,,,,,,,,,,,,,
2024-04-26 11:00:00,0.0,0.0,,,,,,,,,,,,,
2024-04-26 12:00:00,0.0,0.0,,,,,,,,,,,,,
2024-04-26 13:00:00,0.0,0.0,,,,,,,,,,,,,
2024-04-26 14:00:00,0.0,0.0,,,,,,,,,,,,,
2024-04-26 15:00:00,0.0,0.0,,,,,,,,,,,,,
2024-04-26 16:00:00,0.0,0.0,,,,,,,,,,,,,
2024-04-26 17:00:00,0.0,0.0,,,,,,,,,,,,,
2024-04-26 18:00:00,0.0,0.0,,,,,,,,,,,,,
2024-04-26 19:00:00,0.0,0.0,,,,,,,,,,,,,
2024-04-26 20:00:00,0.0,0.0,,,,,,,,,,,,,
2024-04-26 21:00:00,0.0,0.0,,,,,,,,,,,,,
2024-04-26 22:00:00,0.0,0.0,,,,,,,,,,,,,
2024-04-26 23:00:00,0.0,0.0,,,,,,,,,,,,,
2024-04-27 00:00:00,0.0,0.0,,,,,,,,,,,,,
2024-04-27 01:00:00,0.0,0.0,,,,,,,,,,,,,
2024-04-27 02:00:00,0.0,0.0,,,,,,,,,,,,,
2024-04-27 03:00:00,0.0,0.0,,,,,,,,,,,,,
2024-04-27 04:00:00,0.0,0.0,,,,,,,,,,,,,
2024-04-27 05:00:00,0.0,0.0,,,,,,,,,,,,,
2024-04-27 06:00:00,0.0,0.0,,,,,,,,,,,,,
2024-04-27 07:00:00,0.0,0.0,,,,,,,,,,,,,
2024-04-27 08:00:00,0.0,0.0,,,,,,,,,,,,,
2024-04-27 09:00:00,0.0,0.0,,,,,,,,,,,,,
2024-04-27 10:00:00,0.0,0.0,,,,,,,,,,,,,
2024-04-27 11:00:00,0.0,0.0,,,,,,,,,,,,,
2024-04-27 12:00:00,0.0,0.0,,,,,,,,,,,,,
2024-04-27 13:00:00,0.0,0.0,,,,,,,,,,,,,
2024-04-27 14:00:00,0.0,0.0,,,,,,,,,,,,,
2024-04-27 15:00:00,0.0,0.0,,,,,,,,,,,,,
2024-04-27 16:00:00,0.0,0.0,,,,,,,,,,,,,
2024-04-27 17:00:00,0.0,0.0,,,,,,,,,,,,,
2024-04-27 18:00:00,0.0,0.0,,,,,,,,,,,,,
2024-04-27 19:00:00,0.0,0.0,,,,,,,,,,,,,
2024-04-27 20:00:00,0.0,0.0,,,,,,,,,,,,,
2024-04-27 21:00:00,0.0,0.0,,,,,,,,,,,,,
2024-04-27 22:00:00,0.0,0.0,,,,,,,,,,,,,
2024-04-27 23:00:00,0.0,0.0,,,,,,,,,,,,,
2024-04-28 00:00:00,0.0,0.0,,,,,,,,,,,,,
2024-04-28 01:00:00,0.0,0.0,,,,,,,,,,,,,
2024-04-28 02:00:00,0.0,0.0,,,,,,,,,,,,,
2024-04-28 03:00:00,0.0,0.0,,,,,,,,,,,,,
2024-04-28 04:00:00,0.0,0.0,,,,,,,,,,,,,
2024-04-28 05:00:00,0.0,0.0,,,,,,,,,,,,,
2024-04-28 06:00:00,0.0,0.0,,,,,,,,,,,,,
2024-04-28 07:00:00,0.0,0.0,,,,,,,,,,,,,
2024-04-28 08:00:00,0.0,0.0,,,,,,,,,,,,,
2024-04-28 09:00:00,0.0,0.0,,,,,,,,,,,,,
2024-04-28 10:00:00,0.0,0.0,,,,,,,,,,,,,
2024-04-28 11:00:00,0.0,0.0,,,,,,,,,,,,,
2024-04-28 12:00:00,0.0,0.0,,,,,,,,,,,,,
2024-04-28 13:00:00,0.0,0.0,,,,,,,,,,,,,
2024-04-28 14:00:00,0.0,0.0,,,,,,,,,,,,,
2024-04-28 15:00:00,0.0,0.0,,,,,,,,,,,,,
2024-04-28 16:00:00,0.0,0.0,,,,,,,,,,,,,
2024-04-28 17:00:00,0.0,0.0,,,,,,,,,,,,,
2024-04-28 18:00:00,0.0,0.0,,,,,,,,,,,,,
2024-04-28 19:00:00,0.0,0.0,,,,,,,,,,,,,
2024-04-28 20:00:00,0.0,0.0,,,,,,,,,,,,,
2024-04-28 21:00:00,0.0,0.0,,,,,,,,,,,,,
2024-04-28 22:00:00,0.0,0.0,,,,,,,,,,,,,
2024-04-28 23:00:00,0.0,0.0,,,,,,,,,,,,,
2024-04-29 00:00:00,0.0,0.0,,,,,,,,,,,,,
2024-04-29 01:00:00,0.0,0.0,,,,,,,,,,,,,
2024-04-29 02:00:00,0.0,0.0,,,,,,,,,,,,,
2024-04-29 03:00:00,0.0,0.0,,,,,,,,,,,,,
2024-04-29 04:00:00,0.0,0.0,,,,,,,,,,,,,
2024-04-29 05:00:00,0.0,0.0,,,,,,,,,,,,,
2024-04-29 06:00:00,0.0,0.0,,,,,,,,,,,,,
2024-04-29 07:00:00,0.0,0.0,,,,,,,,,,,,,
2024-04-29 08:00:00,0.0,0.0,,,,,,,,,,,,,
2024-04-29 09:00:00,0.0,0.0,,,,,,,,,,,,,
2024-04-29 10:00:00,0.0,0.0,,,,,,,,,,,,,
2024-04-29 11:00:00,0.0,0.0,,,,,,,,,,,,,
2024-04-29 12:00:00,0.0,0.0,,,,,,,,,,,,,
2024-04-29 13:00:00,0.0,0.0,,,,,,,,,,,,,
2024-04-29 14:00:00,0.0,0.0,,,,,,,,,,,,,
2024-04-29 15:00:00,0.0,0.0,,,,,,,,,,,,,
2024-04-29 16:00:00,0.0,0.0,,,,,,,,,,,,,
2024-04-29 17:00:00,0.0,0.0,,,,,,,,,,,,,
2024-04-29 18:00:00,0.0,0.0,,,,,,,,,,,,,
2024-04-29 19:00:00,0.0,0.0,,,,,,,,,,,,,
2024-04-29 20:00:00,0.0,0.0,,,,,,,,,,,,,
2024-04-29 21:00:00,0.0,0.0,,,,,,,,,,,,,
2024-04-29 22:00:00,0.0,0.0,,,,,,,,,,,,,
2024-04-29 23:00:00,0.0,0.0,,,,,,,,,,,,,
2024-04-30 00:00:00,0.0,0.0,,,,,,,,,,,,,
2024-04-30 01:00:00,0.0,0.0,,,,,,,,,,,,,
2024-04-30 02:00:00,0.0,0.0,,,,,,,,,,,,,
2024-04-30 03:00:00,0.0,0.0,,,,,,,,,,,,,
2024-04-30 04:00:00,0.0,0.0,,,,,,,,,,,,,
2024-04-30 05:00:00,0.0,0.0,,,,,,,,,,,,,
2024-04-30 06:00:00,0.0,0.0,,,,,,,,,,,,,
2024-04-30 07:00:00,0.0,0.0,,,,,,,,,,,,,
2024-04-30 08:00:00,0.0,0.0,,,,,,,,,,,,,
2024-04-30 09:00:00,0.0,0.0,,,,,,,,,,,,,
2024-04-30 10:00:00,0.0,0.0,,,,,,,,,,,,,
2024-04-30 11:00:00,0.0,0.0,,,,,,,,,,,,,
2024-04-30 12:00:00,0.0,0.0,,,,,,,,,,,,,
2024-04-30 13:00:00,0.0,0.0,,,,,,,,,,,,,
2024-04-30 14:00:00,0.0,0.0,,,,,,,,,,,,,
2024-04-30 15:00:00,0.0,0.0,,,,,,,,,,,,,
2024-04-30 16:00:00,0.0,0.0,,,,,,,,,,,,,
2024-04-30 17:00:00,0.0,0.0,,,,,,,,,,,,,
2024-04-30 18:00:00,0.0,0.0,,,,,,,,,,,,,
2024-04-30 19:00:00,0.0,0.0,,,,,,,,,,,,,
2024-04-30 20:00:00,0.0,0.0,,,,,,,,,,,,,
2024-04-30 21:00:00,0.0,0.0,,,,,,,,,,,,,
2024-04-30 22:00:00,0.0,0.0,,,,,,,,,,,,,
2024-04-30 23:00:00,0.0,0.0,,,,,,,,,,,,,
2024-05-01 00:00:00,0.0,0.0,,,,,,,,,,,,,
2024-05-01 01:00:00,0.0,0.0,,,,,,,,,,,,,
2024-05-01 02:00:00,0.0,0.0,,,,,,,,,,,,,
2024-05-01 03:00:00,0.0,0.0,,,,,,,,,,,,,
2024-05-01 04:00:00,0.0,0.0,,,,,,,,,,,,,
2024-05-01 05:00:00,0.0,0.0,,,,,,,,,,,,,
2024-05-01 06:00:00,0.0,0.0,,,,,,,,,,,,,
2024-05-01 07:00:00,0.0,0.0,,,,,,,,,,,,,
2024-05-01 08:00:00,0.0,0.0,,,,,,,,,,,,,
2024-05-01 09:00:00,0.0,0.0,,,,,,,,,,,,,
2024-05-01 10:00:00,0.0,0.0,,,,,,,,,,,,,
2024-05-01 11:00:00,0.0,0.0,,,,,,,,,,,,,
2024-05-01 12:00:00,0.0,0.0,,,,,,,,,,,,,
2024-05-01 13:00:00,0.0,0.0,,,,,,,,,,,,,
2024-05-01 14:00:00,0.0,0.0,,,,,,,,,,,,,
2024-05-01 15:00:00,0.0,0.0,,,,,,,,,,,,,
2024-05-01 16:00:00,0.0,0.0,,,,,,,,,,,,,
2024-05-01 17:00:00,0.0,0.0,,,,,,,,,,,,,
2024-05-01 18:00:00,0.0,0.0,,,,,,,,,,,,,
2024-05-01 19:00:00,0.0,0.0,,,,,,,,,,,,,
2024-05-01 20:00:00,0.0,0.0,,,,,,,,,,,,,
2024-05-01 21:00:00,0.0,0.0,,,,,,,,,,,,,
2024-05-01 22:00:00,0.0,0.0,,,,,,,,,,,,,
2024-05-01 23:00:00,0.0,0.0,,,,,,,,,,,,,
2024-05-02 00:00:00,0.0,0.0,,,,,,,,,,,,,
2024-05-02 01:00:00,0.0,0.0,,,,,,,,,,,,,
2024-05-02 02:00:00,0.0,0.0,,,,,,,,,,,,,
2024-05-02 03:00:00,0.0,0.0,,,,,,,,,,,,,
2024-05-02 04:00:00,0.0,0.0,,,,,,,,,,,,,
2024-05-02 05:00:00,0.0,0.0,,,,,,,,,,,,,
2024-05-02 06:00:00,0.0,0.0,,,,,,,,,,,,,
2024-05-02 07:00:00,0.0,0.0,,,,,,,,,,,,,
2024-05-02 08:00:00,0.0,0.0,,,,,,,,,,,,,
2024-05-02 09:00:00,0.0,0.0,,,,,,,,,,,,,
2024-05-02 10:00:00,0.0,0.0,,,,,,,,,,,,,
2024-05-02 11:00:00,0.0,0.0,,,,,,,,,,,,,
2024-05-02 12:00:00,0.0,0.0,,,,,,,,,,,,,
2024-05-02 13:00:00,0.0,0.0,,,,,,,,,,,,,
2024-05-02 14:00:00,0.0,0.0,,,,,,,,,,,,,
2024-05-02 15:00:00,0.0,0.0,,,,,,,,,,,,,
2024-05-02 16:00:00,0.0,0.0,,,,,,,,,,,,,
2024-05-02 17:00:00,0.0,0.0,,,,,,,,,,,,,
2024-05-02 18:00:00,0.0,0.0,,,,,,,,,,,,,
2024-05-02 19:00:00,0.0,0.0,,,,,,,,,,,,,
2024-05-02 20:00:00,0.0,0.0,,,,,,,,,,,,,
2024-05-02 21:00:00,0.0,0.0,,,,,,,,,,,,,
2024-05-02 22:00:00,0.0,0.0,,,,,,,,,,,,,
2024-05-02 23:00:00,0.0,0.0,,,,,,,,,,,,,
2024-05-03 00:00:00,0.0,0.0,,,,,,,,,,,,,
2024-05-03 01:00:00,0.0,0.0,,,,,,,,,,,,,
2024-05-03 02:00:00,0.0,0.0,,,,,,,,,,,,,
2024-05-03 03:00:00,0.0,0.0,,,,,,,,,,,,,
2024-05-03 04:00:00,0.0,0.0,,,,,,,,,,,,,
2024-05-03 05:00:00,0.0,0.0,,,,,,,,,,,,,
2024-05-03 06:00:00,0.0,0.0,,,,,,,,,,,,,
2024-05-03 07:00:00,0.0,0.0,,,,,,,,,,,,,
2024-05-03 08:00:00,0.0,0.0,,,,,,,,,,,,,
2024-05-03 09:00:00,0.0,0.0,,,,,,,,,,,,,
2024-05-03 10:00:00,0.0,0.0,,,,,,,,,,,,,
2024-05-03 11:00:00,0.0,0.0,,,,,,,,,,,,,
2024-05-03 12:00:00,0.0,0.0,,,,,,,,,,,,,
2024-05-03 13:00:00,0.0,0.0,,,,,,,,,,,,,
2024-05-03 14:00:00,0.0,0.0,,,,,,,,,,,,,
2024-05-03 15:00:00,0.0,0.0,,,,,,,,,,,,,
2024-05-03 16:00:00,0.0,0.0,,,,,,,,,,,,,
2024-05-03 17:00:00,0.0,0.0,,,,,,,,,,,,,
2024-05-03 18:00:00,0.0,0.0,,,,,,,,,,,,,
2024-05-03 19:00:00,0.0,0.0,,,,,,,,,,,,,
2024-05-03 20:00:00,0.0,0.0,,,,,,,,,,,,,
2024-05-03 21:00:00,0.0,0.0,,,,,,,,,,,,,
2024-05-03 22:00:00,0.0,0.0,,,,,,,,,,,,,
2024-05-03 23:00:00,0.0,0.0,,,,,,,,,,,,,
2024-05-04 00:00:00,233.333,246.562,218.4143552,215.7831976,227.2767423,6.23,3.101193181818182,0.49,3.08,0.9,3.24,0.986812828,49.55975262,0.46,0.5
2024-05-04 01:00:00,0.0,0.0,,,,,,,,,,,,,
2024-05-04 02:00:00,0.0,0.0,,,,,,,,,,,,,
2024-05-04 03:00:00,0.0,0.0,,,,,,,,,,,,,
2024-05-04 04:00:00,0.0,0.0,,,,,,,,,,,,,
2024-05-04 05:00:00,0.0,0.0,,,,,,,,,,,,,
2024-05-04 06:00:00,0.0,0.0,,,,,,,,,,,,,
2024-05-04 07:00:00,474.624,501.65200000000004,215.03136469999998,232.47451575,226.981414,1.6656302521008404,1.3970072992700728,0.95,0.45999999999999996,1310.64,0.47,0.974886835,49.796535135,0.46,0.5
2024-05-04 08:00:00,1424.495,1505.597,235.15103438333335,233.21737796666665,222.52160195,1.5610154905335627,1.7813942307692303,0.5389651022864019,0.32612017287048656,1198.89663211493,0.33678609769189477,0.9374306908333333,49.85734988833334,0.46,0.5
2024-05-04 09:00:00,1662.087,1756.713,226.84815182857142,227.23110102857143,226.83356194285713,2.1081496062992127,3.311961722488038,0.996823104693141,1.0417387127761768,642.8493827160494,1.0840651558073655,0.9275977962857143,49.72318757285715,0.46,0.5
2024-05-04 10:00:00,237.441,250.959,224.218457,239.6565138,223.3029064,3.3607536764705883,5.41801282051282,2.732533692722372,2.067622222222222,546.4781330749354,2.16814044213264,0.928002701,50.13619049,0.46,0.5
2024-05-04 11:00:00,0.0,0.0,,,,,,,,,,,,,
2024-05-04 12:00:00,712.323,752.877,228.71349233333333,230.74737403333333,232.3091562,3.42424778761062,5.620333333333332,2.7722678185745138,2.198971193415638,531.9584776902888,2.307078853046595,0.9249213196666667,50.02021277,0.46,0.5
2024-05-04 13:00:00,474.882,501.918,229.18089335000002,238.6132456,231.1320953,3.198466353677621,5.421445086705202,1.961,1.872138437741686,636.1179810725553,1.978362897265336,0.817490081,49.853920525,0.46,0.5
2024-05-04 14:00:00,0.0,0.0,,,,,,,,,,,,,
2024-05-04 15:00:00,0.0,0.0,,,,,,,,,,,,,
2024-05-04 16:00:00,0.0,0.0,,,,,,,,,,,,,
2024-05-04 17:00:00,237.441,250.959,245.9416003,226.2222329,245.8738463,3.854869565217392,5.385190156599553,2.220293542074364,2.150637052341598,610.2643217347453,2.3460188933873147,0.932747493,50.08893794,0.46,0.5
2024-05-04 18:00:00,712.458,753.021,225.7187288,231.80291553333333,215.37194626666667,3.8797183098591552,5.460525059665872,2.432690763052209,2.261373225930188,590.1091095489162,2.6073647871116226,0.9094969706666666,49.96589646333334,0.46,0.5
2024-05-04 19:00:00,237.486,251.007,230.1420922,229.354605,230.2408403,3.021951219512195,4.6230385487528345,2.1282874015748035,1.7619842829076622,589.6875418460068,1.989836601307189,0.879996616,50.09222172,0.46,0.5
2024-05-04 20:00:00,0.0,0.0,,,,,,,,,,,,,
2024-05-04 21:00:00,0.0,0.0,,,,,,,,,,,,,
2024-05-04 22:00:00,0.0,0.0,,,,,,,,,,,,,
2024-05-04 23:00:00,0.0,0.0,,,,,,,,,,,,,
2024-05-05 00:00:00,239.717,253.299,241.0606504,230.596012,245.0543239,6.08,3.101193181818182,0.37,2.94,0.6,3.0,0.877561363,49.82882307,0.46,0.5
2024-05-05 01:00:00,0.0,0.0,,,,,,,,,,,,,
2024-05-05 02:00:00,242.521,256.21,244.2357618,214.5785996,244.521161,6.14,3.686082474226805,0.78,3.2,0.94,3.38,0.946687137,49.53157354,0.46,0.5
2024-05-05 03:00:00,729.996,771.177,233.79596956666668,233.57838653333337,244.92799743333333,5.946666666666666,3.694702702702703,0.7833333333333333,3.106666666666667,0.7600000000000001,3.2533333333333334,0.9078905473333334,49.85275690666666,0.48,0.5
2024-05-05 04:00:00,489.914,517.55,233.5839191,229.8491249,228.8654206,6.035,3.549312169312169,0.78,3.1500000000000004,0.87,3.3099999999999996,0.8757896055000001,49.845442899999995,0.48,0.5
2024-05-05 05:00:00,0.0,0.0,,,,,,,,,,,,,
2024-05-05 06:00:00,0.0,0.0,,,,,,,,,,,,,
2024-05-05 07:00:00,0.0,0.0,,,,,,,,,,,,,
2024-05-05 08:00:00,744.096,786.097,242.05714150000003,239.68880863333334,233.95483496666668,1.314010327022375,3.107596153846153,2.5033333333333334,7.833333333333333,213.47326422985998,8.013333333333334,0.893281771,49.77073270333333,0.48,0.5
2024-05-05 09:00:00,0.0,0.0,,,,,,,,,,,,,
2024-05-05 10:00:00,248.38,262.425,245.6717387,213.2721675,239.5612349,3.3607536764705883,5.41801282051282,0.87,0.42,1310.44,0.5,0.868197164,49.92773287,0.48,0.5
2024-05-05 11:00:00,0.0,0.0,,,,,,,,,,,,,
2024-05-05 12:00:00,0.0,0.0,,,,,,,,,,,,,
2024-05-05 13:00:00,995.587,1052.002,233.84230645,230.928482175,236.6306103,3.198466353677621,5.421445086705202,0.9,0.53,982.92,0.5800000000000001,0.88520925175,49.7148127825,0.48,0.5
2024-05-05 14:00:00,747.922,790.311,224.63797933333333,238.46568966666666,234.98329026666667,4.480352303523035,5.8557500000000005,0.9066666666666667,1.2866666666666666,874.0066666666668,1.34,0.873833732,49.65047705333333,0.48,0.5
2024-05-05 15:00:00,0.0,0.0,,,,,,,,,,,,,
2024-05-05 16:00:00,750.254,792.7159999999999,239.57986683333334,243.33554523333336,222.36742130000002,3.561219858156028,5.548594847775175,0.59,0.22666666666666668,1310.5266666666666,0.3,0.8590651776666666,49.78374461000001,0.48,0.5
2024-05-05 17:00:00,500.525,528.8820000000001,218.92615725000002,235.30136695,221.2491546,3.854869565217392,5.385190156599553,0.81,0.38,1310.64,0.39,0.8694054875,49.613887335,0.48,0.5
2024-05-05 18:00:00,250.503,264.691,234.4592487,226.3911555,244.4117071,6.73,5.460525059665871,0.82,3.56,0.92,3.72,0.946445984,50.13618769,0.48,0.5
2024-05-05 19:00:00,0.0,0.0,,,,,,,,,,,,,
2024-05-05 20:00:00,0.0,0.0,,,,,,,,,,,,,
2024-05-05 21:00:00,252.877,267.337,241.8573712,244.5564285,225.7119705,6.52,2.077282913165266,0.65,3.3,0.64,3.38,0.847572509,50.05574342,0.48,0.5
2024-05-05 22:00:00,1014.902,1072.886,229.6113682,231.352551475,237.60581515,2.3000323741007196,2.6012912912912918,1.0499999999999998,1.315,983.03,1.3599999999999999,0.89930461675,49.616253227499996,0.5,0.54
2024-05-05 23:00:00,1017.225,1075.274,240.562944725,227.23285429999999,229.512968925,4.104578804347826,3.357956204379562,0.845,1.835,655.59,1.88,0.8605576425,49.6724000025,0.5,0.54
2024-05-06 00:00:00,511.332,540.42,232.10903285,230.75102894999998,245.78906885,6.17,3.101193181818182,0.71,3.1500000000000004,0.6000000000000001,3.24,0.961513996,49.725758115,0.5,0.54
2024-05-06 01:00:00,257.239,271.829,245.2095384,218.9411565,214.2422047,6.14,3.324077669902913,0.72,3.18,0.66,3.28,0.973050058,49.77219198,0.5,0.54
2024-05-06 02:00:00,258.125,272.743,236.3247934,237.2251486,224.7936095,6.12,3.686082474226805,0.73,3.14,0.58,3.24,0.951688582,49.5525889,0.5,0.54
2024-05-06 03:00:00,0.0,0.0,,,,,,,,,,,,,
2024-05-06 04:00:00,0.0,0.0,,,,,,,,,,,,,
2024-05-06 05:00:00,0.0,0.0,,,,,,,,,,,,,
2024-05-06 06:00:00,780.233,824.556,228.2206978,227.83499716666665,234.34692403333335,1.523568075117371,2.5555670103092782,0.7566666666666667,0.38000000000000006,1310.5200000000002,0.43333333333333335,0.832792982,50.00749221,0.5,0.54
2024-05-06 07:00:00,0.0,0.0,,,,,,,,,,,,,
2024-05-06 08:00:00,260.861,275.687,233.4741242,230.7244194,249.6602897,1.5610154905335627,1.7813942307692303,0.87,0.4,1310.64,0.42,0.870228385,49.65253965,0.5,0.54
2024-05-06 09:00:00,522.683,552.357,223.03918135,240.6192085,234.73084275000002,4.1690748031496065,3.311961722488038,0.9634115523465705,1.59,655.5500000000001,1.6099999999999999,0.8624927355,49.883251959999996,0.5,0.54
2024-05-06 10:00:00,0.0,0.0,,,,,,,,,,,,,
2024-05-06 11:00:00,0.0,0.0,,,,,,,,,,,,,
2024-05-06 12:00:00,0.0,0.0,,,,,,,,,,,,,
2024-05-06 13:00:00,0.0,0.0,,,,,,,,,,,,,
2024-05-06 14:00:00,528.9100000000001,558.704,243.645759,234.95127324999999,228.18775140000002,3.9055284552845526,5.8557500000000005,0.3,0.12,616.7072086720867,0.13,0.9007123020000001,49.832628995,0.46,0.48
2024-05-06 15:00:00,529.947,559.751,230.07157695,235.33866475,228.71424530000002,6.775,7.165165094339622,0.31,3.1,0.38,3.12,0.817909345,49.651388615,0.46,0.48
2024-05-06 16:00:00,0.0,0.0,,,,,,,,,,,,,
2024-05-06 17:00:00,0.0,0.0,,,,,,,,,,,,,
2024-05-06 18:00:00,0.0,0.0,,,,,,,,,,,,,
2024-05-06 19:00:00,0.0,0.0,,,,,,,,,,,,,
2024-05-06 20:00:00,0.0,0.0,,,,,,,,,,,,,
2024-05-06 21:00:00,267.529,282.464,230.0740291,221.956916,226.0168244,6.27,2.077282913165266,0.61,3.1,0.52,3.16,0.910486211,49.60692069,0.46,0.48
2024-05-06 22:00:00,535.951,565.836,229.34249375000002,241.1642382,223.47522885,1.9901294964028775,2.6012912912912918,0.69,0.31,1310.68,0.31,0.896038362,49.97646188,0.46,0.48
2024-05-06 23:00:00,0.0,0.0,,,,,,,,,,,,,
2024-05-07 00:00:00,1077.8049999999998,1137.679,230.0248364,241.69660945,228.225682025,3.8959920634920637,3.101193181818182,0.79,1.7149999999999999,655.61,1.7650000000000001,0.9347223419999999,49.79241901,0.46,0.48
2024-05-07 01:00:00,811.598,856.605,229.76820316666667,237.9454095333333,223.1361016,5.966666666666668,3.324077669902913,0.7566666666666667,3.0733333333333337,0.6066666666666667,3.1666666666666665,0.8686797549999999,49.87722803666667,0.46,0.48
2024-05-07 02:00:00,272.727,287.813,223.4263241,235.6978246,242.6010236,5.92,3.686082474226805,0.81,3.08,0.8,3.24,0.922181846,50.17699648,0.46,0.48
2024-05-07 03:00:00,546.137,576.344,232.51171125000002,229.16581159999998,230.90257815,3.8690767386091127,3.694702702702703,0.755,1.71,655.75,1.79,0.854292402,49.737605285,0.46,0.48
2024-05-07 04:00:00,546.6189999999999,576.837,235.05842975000002,222.64799399999998,224.0047559,1.5539810426540284,3.549312169312169,0.725,0.33,1310.65,0.35,0.890069436,50.052891605,0.46,0.48
2024-05-07 05:00:00,273.392,288.504,227.3425513,248.4513041,228.9374028,1.4964948453608249,3.264236111111112,0.72,0.34,1310.64,0.34,0.877413977,49.59815241,0.46,0.48
2024-05-07 06:00:00,273.577,288.693,213.4164861,216.3908206,214.8068352,1.523568075117371,2.5555670103092782,0.73,0.36,1310.64,0.36,0.967049561,50.05573069,0.46,0.48
2024-05-07 07:00:00,274.376,289.534,232.6704981,211.2226001,232.6742447,5.99,1.3970072992700728,0.74,3.1,0.84,3.26,0.888150036,49.90842036,0.46,0.48
2024-05-07 08:00:00,275.646,290.865,219.3092149,246.0522222,212.6207814,1.5610154905335627,1.7813942307692303,0.74,0.36,1310.66,0.36,0.836742437,49.9280038,0.46,0.48
2024-05-07 09:00:00,276.02,291.248,224.2484896,240.8017552,238.7587237,6.29,3.311961722488038,0.9968231046931408,2.8,0.54,2.86,0.954907481,49.70255735,0.46,0.48
2024-05-07 10:00:00,552.55,583.016,229.0414212,242.56811075,241.89379680000002,3.3607536764705883,5.41801282051282,2.732533692722372,2.067622222222222,546.4781330749354,2.16814044213264,0.8737237904999999,50.050731490000004,0.46,0.48
2024-05-07 11:00:00,0.0,0.0,,,,,,,,,,,,,
2024-05-07 12:00:00,0.0,0.0,,,,,,,,,,,,,
2024-05-07 13:00:00,552.55,583.016,220.0569195,235.54777115000002,222.77874545,3.198466353677621,5.421445086705202,1.961,1.872138437741686,636.1179810725553,1.978362897265336,0.872636612,49.97922384,0.46,0.48
2024-05-07 14:00:00,276.275,291.508,226.2867215,226.4108435,243.7701833,3.9055284552845526,5.8557500000000005,2.3568141592920355,2.2275353773584907,616.7072086720867,2.310194537972316,0.903112607,49.97635294,0.46,0.48
2024-05-07 15:00:00,552.55,583.016,244.72347515,238.23566405000003,218.89233905,4.095779685264664,7.165165094339622,3.0986964980544744,2.7530601092896174,540.2500998003992,2.9149214659685865,0.9664979345,49.926852065,0.46,0.48
2024-05-07 16:00:00,0.0,0.0,,,,,,,,,,,,,
2024-05-07 17:00:00,553.762,584.242,225.18645170000002,235.6547776,228.19820305000002,6.725,5.385190156599553,0.61,3.29,0.45,3.33,0.951914649,49.75458505,0.46,0.48
2024-05-07 18:00:00,277.564,292.813,224.7428241,244.2067624,247.9565966,6.66,5.460525059665871,0.66,3.34,0.58,3.4,0.826430819,50.18762766,0.46,0.48
2024-05-07 19:00:00,278.372,293.635,211.8150842,216.2942823,232.9643677,0.69,4.6230385487528345,1.08,0.8,1310.66,0.82,0.969329072,49.51960082,0.46,0.48
2024-05-07 20:00:00,0.0,0.0,,,,,,,,,,,,,
2024-05-07 21:00:00,0.0,0.0,,,,,,,,,,,,,
2024-05-07 22:00:00,280.634,295.929,231.6190547,220.4083618,211.3528237,1.9901294964028775,2.6012912912912918,0.94,0.42,1310.68,0.42,0.826270795,49.81211865,0.5,0.5
2024-05-07 23:00:00,0.0,0.0,,,,,,,,,,,,,
2024-05-08 00:00:00,0.0,0.0,,,,,,,,,,,,,
2024-05-08 01:00:00,0.0,0.0,,,,,,,,,,,,,
2024-05-08 02:00:00,287.178,302.632,226.3817026,237.3697275,232.2877739,6.1,3.686082474226805,0.72,3.12,0.74,3.26,0.939139439,49.77890188,0.5,0.5
2024-05-08 03:00:00,1150.795,1212.7060000000001,234.30602735000002,228.7976228,227.9069189,2.886115107913669,3.694702702702703,0.7224999999999999,1.0350000000000001,983.1750000000001,1.0799999999999998,0.95382958225,49.8509797825,0.5,0.5
2024-05-08 04:00:00,575.7470000000001,606.719,222.53945665,235.05524035000002,225.5658841,1.5539810426540284,3.549312169312169,0.73,0.35,1310.64,0.37,0.854968521,49.756786535,0.5,0.5
2024-05-08 05:00:00,576.108,607.097,230.2823269,248.4684641,240.51825655,1.4964948453608249,3.264236111111112,0.73,0.35,1310.64,0.37,0.8640739534999999,49.581775405,0.5,0.5
2024-05-08 06:00:00,864.4440000000001,910.941,232.28862596666667,225.7878746,239.2870031,1.523568075117371,2.5555670103092782,0.4165811965811966,0.5858080808080809,681.7220449172577,0.6414441147378833,0.8768486563333333,49.92682202333333,0.5,0.5
2024-05-08 07:00:00,288.148,303.647,214.362667,233.8028863,229.7303053,1.6656302521008404,1.3970072992700728,0.3283431952662722,0.5807543520309478,739.6375094055682,0.6148358585858585,0.857117048,49.78437494,0.5,0.5
2024-05-08 08:00:00,0.0,0.0,,,,,,,,,,,,,
2024-05-08 09:00:00,288.244,303.744,225.900796,247.2112613,247.2308767,2.1081496062992127,3.311961722488038,0.9968231046931408,1.0417387127761768,642.8493827160494,1.0840651558073655,0.930109749,50.05199616,0.5,0.5
2024-05-08 10:00:00,1729.4640000000002,1822.4640000000002,237.04421448333335,219.49427383333332,231.22585990000002,3.3607536764705883,5.41801282051282,2.732533692722372,2.067622222222222,546.4781330749354,2.16814044213264,0.8808323331666666,49.78259611666667,0.5,0.5
2024-05-08 11:00:00,576.488,607.488,230.1294492,217.78185009999999,233.82593244999998,3.7619400352733687,5.486962365591397,2.948095238095238,2.3910729991204924,480.591930477964,2.556335034013605,0.930870536,49.772157685,0.5,0.5
2024-05-08 12:00:00,864.7320000000001,911.2320000000001,235.654055,226.32224440000002,217.04117663333332,3.42424778761062,5.620333333333332,2.7722678185745138,2.198971193415638,531.9584776902888,2.307078853046595,0.9051907576666668,49.812089969999995,0.5,0.5
2024-05-08 13:00:00,288.244,303.744,218.6282791,227.0465616,237.3971131,3.198466353677621,5.421445086705202,1.961,1.872138437741686,636.1179810725553,1.978362897265336,0.928722478,49.95145884,0.5,0.5
2024-05-08 14:00:00,0.0,0.0,,,,,,,,,,,,,
2024-05-08 15:00:00,576.488,607.488,223.3890005,226.4826595,236.375715,4.095779685264664,7.165165094339622,3.0986964980544744,2.7530601092896174,540.2500998003992,2.9149214659685865,0.9481435815,49.845624125,0.5,0.5
2024-05-08 16:00:00,288.282,303.782,213.2064629,240.2798932,214.6550396,3.5612198581560284,5.548594847775176,0.25,0.1,588.8344955489615,0.1,0.950256146,49.69471402,0.5,0.5
2024-05-08 17:00:00,0.0,0.0,,,,,,,,,,,,,
2024-05-08 18:00:00,289.563,305.078,235.3988214,232.5249395,247.0012184,6.57,5.460525059665871,0.7,3.3,0.4,3.34,0.979460705,50.14606653,0.5,0.5
2024-05-08 19:00:00,0.0,0.0,,,,,,,,,,,,,
2024-05-08 20:00:00,290.404,305.946,233.1994364,240.3725216,220.0700526,2.1101455604075694,2.9917445482866047,0.8529257641921398,1.0318041237113402,658.5154892726322,1.0945525956284152,0.881672409,49.69686734,0.5,0.5
2024-05-08 21:00:00,0.0,0.0,,,,,,,,,,,,,
2024-05-08 22:00:00,583.1099999999999,614.223,232.67540065,212.93695350000002,228.84310385,6.324999999999999,2.6012912912912918,0.45,3.0,0.35,3.0300000000000002,0.911940735,49.94934275,0.5,0.5
2024-05-08 23:00:00,292.263,307.831,248.0542221,210.8258296,229.0061638,6.19,3.357956204379562,0.38,2.98,0.48,3.02,0.990435307,49.78959904,0.5,0.5
2024-05-09 00:00:00,293.126,308.709,228.1318956,238.2346889,224.2420501,6.15,3.101193181818182,0.26,2.88,0.44,2.92,0.920222116,49.51889977,0.5,0.5
2024-05-09 01:00:00,0.0,0.0,,,,,,,,,,,,,
2024-05-09 02:00:00,0.0,0.0,,,,,,,,,,,,,
2024-05-09 03:00:00,0.0,0.0,,,,,,,,,,,,,
2024-05-09 04:00:00,0.0,0.0,,,,,,,,,,,,,
2024-05-09 05:00:00,0.0,0.0,,,,,,,,,,,,,
2024-05-09 06:00:00,296.066,311.75,213.119625,221.1332599,244.8396738,1.523568075117371,2.5555670103092782,0.29,0.14,1310.68,0.16,0.860361405,49.53038811,0.5,0.5
2024-05-09 07:00:00,296.149,311.84,212.3276391,240.5060356,212.629912,1.6656302521008404,1.3970072992700728,0.27,0.12,1310.64,0.16,0.8004837,49.7421711,0.5,0.5
2024-05-09 08:00:00,888.588,935.6759999999999,231.67263496666666,222.36373386666665,232.46852323333334,2.8206769936890415,1.7813942307692303,0.6333333333333333,1.0866666666666667,874.1066666666667,1.1733333333333333,0.9272010406666666,49.64120168666667,0.5,0.5
2024-05-09 09:00:00,0.0,0.0,,,,,,,,,,,,,
2024-05-09 10:00:00,299.129,314.915,245.26855,216.4433132,246.0905501,6.12,5.41801282051282,0.26,2.84,0.42,2.88,0.987376435,49.79805447,0.5,0.5
2024-05-09 11:00:00,300.359,316.158,240.3272966,237.277335,217.6911571,6.16,5.486962365591397,0.26,2.86,0.4,2.88,0.927598374,49.7745673,0.5,0.5
2024-05-09 12:00:00,0.0,0.0,,,,,,,,,,,,,
2024-05-09 13:00:00,0.0,0.0,,,,,,,,,,,,,
2024-05-09 14:00:00,0.0,0.0,,,,,,,,,,,,,
2024-05-09 15:00:00,0.0,0.0,,,,,,,,,,,,,
2024-05-09 16:00:00,0.0,0.0,,,,,,,,,,,,,
2024-05-09 17:00:00,0.0,0.0,,,,,,,,,,,,,
2024-05-09 18:00:00,302.978,318.823,248.0771387,229.9833682,212.3722401,6.49,5.460525059665871,0.69,3.22,0.42,3.26,0.803944116,49.7995532,0.5,0.5
2024-05-09 19:00:00,0.0,0.0,,,,,,,,,,,,,
2024-05-09 20:00:00,303.205,319.053,217.4986148,241.8824446,213.5199477,2.1101455604075694,2.9917445482866047,0.34,0.16,658.5154892726322,0.16,0.936292623,49.92609846,0.5,0.5
2024-05-09 21:00:00,0.0,0.0,,,,,,,,,,,,,
2024-05-09 22:00:00,0.0,0.0,,,,,,,,,,,,,
2024-05-09 23:00:00,0.0,0.0,,,,,,,,,,,,,
2024-05-10 00:00:00,0.0,0.0,,,,,,,,,,,,,
2024-05-10 01:00:00,0.0,0.0,,,,,,,,,,,,,
2024-05-10 02:00:00,306.982,322.944,222.923724,234.2055476,241.6057201,6.36,3.686082474226805,0.26,3.02,0.92,3.18,0.825094694,49.8978421,0.5,0.5
2024-05-10 03:00:00,925.9069999999999,973.9780000000001,233.37389579999999,216.2745160333333,234.32875776666666,6.246666666666666,3.694702702702703,0.26333333333333336,3.0,0.86,3.126666666666667,0.9040475360000001,49.94338068333334,0.5,0.5
2024-05-10 04:00:00,309.079,325.122,248.3808696,231.0320054,219.800542,1.5539810426540284,3.549312169312169,0.26,0.12,1310.68,0.14,0.826785127,49.52824942,0.5,0.5
2024-05-10 05:00:00,0.0,0.0,,,,,,,,,,,,,
2024-05-10 06:00:00,0.0,0.0,,,,,,,,,,,,,
2024-05-10 07:00:00,0.0,0.0,,,,,,,,,,,,,
2024-05-10 08:00:00,619.264,651.439,224.96590365,221.71838509999998,243.19573965,6.244999999999999,1.7813942307692303,0.32,3.01,0.92,3.17,0.8334470265,49.8458612,0.5,0.5
2024-05-10 09:00:00,0.0,0.0,,,,,,,,,,,,,
2024-05-10 10:00:00,0.0,0.0,,,,,,,,,,,,,
2024-05-10 11:00:00,311.075,327.205,243.5601182,243.8346459,211.0546721,3.7619400352733687,5.486962365591397,2.948095238095238,2.3910729991204924,480.591930477964,2.556335034013605,0.827373831,50.0448299,0.5,0.5
2024-05-10 12:00:00,622.15,654.41,225.8418914,220.88312044999998,239.19878145,3.42424778761062,5.620333333333333,2.7722678185745138,2.198971193415638,531.9584776902888,2.307078853046595,0.902937683,50.030265555,0.5,0.5
2024-05-10 13:00:00,311.075,327.205,238.0885276,211.9290122,249.9094899,3.198466353677621,5.421445086705202,1.961,1.872138437741686,636.1179810725553,1.978362897265336,0.925042988,49.55264993,0.5,0.5
2024-05-10 14:00:00,0.0,0.0,,,,,,,,,,,,,
2024-05-10 15:00:00,0.0,0.0,,,,,,,,,,,,,
2024-05-10 16:00:00,0.0,0.0,,,,,,,,,,,,,
2024-05-10 17:00:00,0.0,0.0,,,,,,,,,,,,,
2024-05-10 18:00:00,0.0,0.0,,,,,,,,,,,,,
2024-05-10 19:00:00,313.539,329.704,238.6909403,223.9435715,245.9846548,3.021951219512195,4.6230385487528345,2.1282874015748035,1.7619842829076622,589.6875418460068,1.989836601307189,0.967587147,49.7122682,0.5,0.52
2024-05-10 20:00:00,313.653,329.819,244.3029313,242.7699627,235.6367418,2.1101455604075694,2.9917445482866047,0.8529257641921398,1.0318041237113402,658.5154892726322,1.0945525956284152,0.902369822,49.95366741,0.5,0.52
2024-05-10 21:00:00,628.188,660.539,230.9455785,232.4686413,233.56262195,6.36,2.077282913165266,0.35,3.05,0.55,3.1100000000000003,0.956746703,49.84037731,0.5,0.52
2024-05-10 22:00:00,0.0,0.0,,,,,,,,,,,,,
2024-05-10 23:00:00,314.927,331.194,242.2260251,218.0656227,238.7673133,6.5,3.357956204379562,0.44,3.28,1309.48,3.52,0.982172928,49.81106745,0.5,0.52
2024-05-11 00:00:00,0.0,0.0,,,,,,,,,,,,,
2024-05-11 01:00:00,0.0,0.0,,,,,,,,,,,,,
2024-05-11 02:00:00,0.0,0.0,,,,,,,,,,,,,
2024-05-11 03:00:00,0.0,0.0,,,,,,,,,,,,,
2024-05-11 04:00:00,0.0,0.0,,,,,,,,,,,,,
2024-05-11 05:00:00,0.0,0.0,,,,,,,,,,,,,
2024-05-11 06:00:00,0.0,0.0,,,,,,,,,,,,,
2024-05-11 07:00:00,0.0,0.0,,,,,,,,,,,,,
2024-05-11 08:00:00,0.0,0.0,,,,,,,,,,,,,
2024-05-11 09:00:00,0.0,0.0,,,,,,,,,,,,,
2024-05-11 10:00:00,0.0,0.0,,,,,,,,,,,,,
2024-05-11 11:00:00,0.0,0.0,,,,,,,,,,,,,
2024-05-11 12:00:00,0.0,0.0,,,,,,,,,,,,,
2024-05-11 13:00:00,0.0,0.0,,,,,,,,,,,,,
2024-05-11 14:00:00,0.0,0.0,,,,,,,,,,,,,
2024-05-11 15:00:00,1288.668,1355.748,229.74546665,225.602070075,219.958912275,4.095779685264664,7.165165094339622,3.0986964980544744,2.7530601092896174,540.2500998003992,2.9149214659685865,0.890026962,49.843115685,0.5,0.52
2024-05-11 16:00:00,966.501,1016.811,231.19872313333335,238.69257259999998,231.65373343333331,3.561219858156028,5.548594847775175,2.7150638297872347,2.169644115574348,588.8344955489615,2.3669581618655693,0.8969932150000001,49.93808522,0.5,0.52
2024-05-11 17:00:00,644.334,677.874,226.45183765000002,229.21419585,229.48492915,3.854869565217392,5.385190156599553,2.220293542074364,2.150637052341598,610.2643217347453,2.3460188933873147,0.9084625605000001,50.079588275,0.5,0.52
2024-05-11 18:00:00,322.167,338.937,214.7956733,218.83182,217.7557891,3.879718309859155,5.460525059665871,2.432690763052209,2.261373225930188,590.1091095489162,2.6073647871116226,0.941470277,49.53637915,0.5,0.52
2024-05-11 19:00:00,0.0,0.0,,,,,,,,,,,,,
2024-05-11 20:00:00,0.0,0.0,,,,,,,,,,,,,
2024-05-11 21:00:00,322.167,338.937,232.297936,233.5737293,220.4293278,1.742167832167832,2.077282913165266,0.5653679653679654,0.7648041104688503,635.4931002331002,0.8074729126832377,0.884447852,49.68789868,0.5,0.52
2024-05-11 22:00:00,644.334,677.874,223.41806989999998,236.05870249999998,227.9467623,1.9901294964028775,2.6012912912912918,0.8305673758865249,0.9305302262749072,630.8669898430287,0.975825825825826,0.9021016015000001,49.779270145,0.5,0.52
2024-05-11 23:00:00,1610.8349999999998,1694.685,234.40250787999997,229.34837720000002,230.27822262,1.9291576086956517,3.357956204379562,0.87517316017316,0.9657322303921567,618.1746544715447,1.0330625752105898,0.8832219966,49.708375755999995,0.5,0.52
2024-05-12 00:00:00,1288.668,1355.748,245.70534505,232.55267644999998,226.771731125,1.801984126984127,3.101193181818182,0.5530733944954128,0.872371794871795,651.0654613466335,0.91682156133829,0.897400895,49.755380325000004,0.5,0.52
2024-05-12 01:00:00,644.334,677.874,245.14109109999998,221.65244365,239.52350775,1.8428859060402685,3.324077669902913,0.5992250922509226,0.8735433070866141,654.1936340371082,0.9226027397260276,0.8872958040000001,49.516774405,0.5,0.52
2024-05-12 02:00:00,322.167,338.937,225.0937779,235.808029,236.4093499,1.8092666666666668,3.686082474226805,0.5086995515695067,0.8455264593562466,629.6799389002038,0.9247071352502662,0.81375445,50.08867171,0.5,0.52
2024-05-12 03:00:00,0.0,0.0,,,,,,,,,,,,,
2024-05-12 04:00:00,1288.668,1355.748,234.004956075,215.362957325,235.54072852500002,1.5539810426540284,3.549312169312169,0.3252582159624413,0.716750983698707,673.7772787757817,0.7889071038251366,0.90695339575,49.805448635,0.5,0.52
2024-05-12 05:00:00,966.501,1016.811,228.1601787333333,239.89423006666667,220.93097753333333,1.4964948453608249,3.264236111111112,0.2861666666666667,0.5958107293550332,622.4922764227642,0.6614454277286136,0.9200876386666667,49.749784823333336,0.5,0.52
2024-05-12 06:00:00,0.0,0.0,,,,,,,,,,,,,
2024-05-12 07:00:00,0.0,0.0,,,,,,,,,,,,,
2024-05-12 08:00:00,644.334,677.876,236.24486415,236.85824395,224.27157864999998,1.5610154905335627,1.7813942307692303,0.4737906137184116,0.6367210372229193,640.0597926895799,0.6807165861513688,0.8786469164999999,49.98732577,0.5,0.52
2024-05-12 09:00:00,1610.8349999999998,1694.69,238.83078043999998,225.62445378,224.48707374,2.1081496062992127,3.311961722488038,0.9968231046931407,1.0417387127761768,642.8493827160494,1.0840651558073655,0.874406757,49.867265394,0.5,0.52
2024-05-12 10:00:00,644.334,677.876,223.981854,242.46302755,230.70146635,3.3607536764705883,5.41801282051282,2.732533692722372,2.067622222222222,546.4781330749354,2.16814044213264,0.9088310660000001,49.781159790000004,0.5,0.52
2024-05-12 11:00:00,966.501,1016.814,232.33192043333335,230.88845916666665,240.5410566666667,3.7619400352733687,5.486962365591398,2.948095238095238,2.3910729991204924,480.591930477964,2.556335034013605,0.8666892549999999,49.74609513666667,0.5,0.52
2024-05-12 12:00:00,0.0,0.0,,,,,,,,,,,,,
2024-05-12 13:00:00,644.334,677.876,231.67602725,213.18854349999998,234.7281587,3.198466353677621,5.421445086705202,1.961,1.872138437741686,636.1179810725553,1.978362897265336,0.9226234345,49.990857739999996,0.5,0.52
2024-05-12 14:00:00,966.501,1016.814,219.54174479999998,216.92848883333332,229.15337829999999,3.905528455284552,5.8557500000000005,2.3568141592920355,2.2275353773584907,616.7072086720867,2.310194537972316,0.9782543266666667,49.85424269666667,0.5,0.52
2024-05-12 15:00:00,1288.668,1355.752,225.835529525,222.56228735,222.51639742499998,4.095779685264664,7.165165094339622,3.0986964980544744,2.7530601092896174,540.2500998003992,2.9149214659685865,0.8567378290000001,49.8412604425,0.5,0.52
2024-05-12 16:00:00,322.167,338.938,235.0552362,210.4011289,214.8272837,3.5612198581560284,5.548594847775176,2.7150638297872343,2.169644115574348,588.8344955489615,2.3669581618655693,0.942326109,50.10729669,0.5,0.52
2024-05-12 17:00:00,1610.8349999999998,1694.69,224.3351345,225.31993106,234.2988171,3.854869565217392,5.385190156599553,2.220293542074364,2.150637052341598,610.2643217347453,2.3460188933873147,0.9117910231999999,49.891555826,0.5,0.52
2024-05-12 18:00:00,0.0,0.0,,,,,,,,,,,,,
2024-05-12 19:00:00,0.0,0.0,,,,,,,,,,,,,
2024-05-12 20:00:00,0.0,0.0,,,,,,,,,,,,,
2024-05-12 21:00:00,644.336,677.876,226.79997805,230.159401,235.49766775,1.742167832167832,2.077282913165266,0.5653679653679654,0.7648041104688503,635.4931002331002,0.8074729126832377,0.8818631275,49.995784224999994,0.5,0.52
2024-05-12 22:00:00,0.0,0.0,,,,,,,,,,,,,
2024-05-12 23:00:00,322.168,338.938,228.9476027,227.4700106,222.7256752,1.929157608695652,3.357956204379562,0.8751731601731602,0.9657322303921568,618.1746544715447,1.0330625752105898,0.992137603,49.81500366,0.5,0.52
